2.253354e+03	1.172892e+00 1.658997e+00 1.414138e+00	
3.010698e+03	6.583744e-01 1.837531e+00 1.414192e+00	
4.612437e+03	5.080451e-01 1.902114e+00 1.414144e+00	
5.214589e+03	7.576550e-01 1.760218e+00 1.414233e+00	
5.612445e+03	8.689207e-01 1.898221e+00 1.414247e+00	
5.732346e+03	8.187101e-01 1.967551e+00 1.414232e+00	
5.902747e+03	5.596310e-01 1.739787e+00 1.414226e+00	
6.230261e+03	6.268745e-01 1.522251e+00 1.414173e+00	
7.981730e+03	5.422635e-01 1.952528e+00 1.414213e+00	
7.992806e+03	4.937459e-01 1.716663e+00 1.414204e+00	
8.915101e+03	1.286782e+00 1.927262e+00 1.414239e+00	
8.933643e+03	4.956070e-01 1.826910e+00 1.414208e+00	
1.046537e+04	7.163616e-01 2.007952e+00 1.414099e+00	
1.087987e+04	7.738383e-01 1.660884e+00 1.414121e+00	
1.926623e+04	8.288883e-01 1.739038e+00 1.414118e+00	
2.296765e+04	5.814249e-01 1.822615e+00 1.414309e+00	
2.331872e+04	7.757881e-01 1.734326e+00 1.414131e+00	
2.359276e+04	6.359752e-01 2.036712e+00 1.414331e+00	
2.373420e+04	8.070987e-01 1.740428e+00 1.414258e+00	
2.410646e+04	5.565852e-01 1.729794e+00 1.414014e+00	
2.508857e+04	4.609357e-01 1.677661e+00 1.414123e+00	
2.592145e+04	4.722792e-01 1.804527e+00 1.414306e+00	
2.679592e+04	5.684605e-01 1.912929e+00 1.414106e+00	
2.732983e+04	5.115244e-01 1.618816e+00 1.414290e+00	
2.764026e+04	1.115008e+00 1.790852e+00 1.414034e+00	
2.771518e+04	5.944168e-01 1.890629e+00 1.414290e+00	
3.010859e+04	1.236469e+00 1.881833e+00 1.414126e+00	
3.079760e+04	5.545542e-01 1.865174e+00 1.414383e+00	
3.394671e+04	8.203562e-01 1.866864e+00 1.414203e+00	
4.038384e+04	6.148086e-01 1.612892e+00 1.414208e+00	
4.602070e+04	5.433247e-01 1.901637e+00 1.414106e+00	
4.800711e+04	4.986187e-01 1.852165e+00 1.414300e+00	
4.823966e+04	6.276233e-01 1.704801e+00 1.414136e+00	
4.826475e+04	9.053113e-01 1.538244e+00 1.414164e+00	
4.886457e+04	8.857847e-01 1.796138e+00 1.414292e+00	
4.897485e+04	7.349019e-01 1.645000e+00 1.414114e+00	
4.907885e+04	5.720612e-01 1.971660e+00 1.414020e+00	
4.950885e+04	4.611646e-01 1.789011e+00 1.414282e+00	
5.023996e+04	1.495780e+00 1.921996e+00 1.414035e+00	
5.256480e+04	5.295897e-01 1.788515e+00 1.414322e+00	
5.500423e+04	8.616140e-01 1.845578e+00 1.414123e+00	
5.666968e+04	5.666761e-01 1.764253e+00 1.414357e+00	
5.912245e+04	1.188955e+00 1.554454e+00 1.414134e+00	
5.995507e+04	8.251227e-01 1.768944e+00 1.414258e+00	
6.839302e+04	1.156281e+00 1.949244e+00 1.414208e+00	
6.901465e+04	4.767157e-01 1.851970e+00 1.414174e+00	
6.991868e+04	5.630003e-01 1.782149e+00 1.414190e+00	
7.155646e+04	5.015306e-01 1.711011e+00 1.414207e+00	
7.159395e+04	7.014243e-01 1.672147e+00 1.414136e+00	
7.185462e+04	5.881374e-01 1.924438e+00 1.414201e+00	
7.195221e+04	5.145587e-01 1.754449e+00 1.414206e+00	
7.349827e+04	6.646223e-01 1.682280e+00 1.414266e+00	
7.541426e+04	5.860265e-01 1.866631e+00 1.414208e+00	
7.678976e+04	8.037731e-01 1.207566e+00 1.414187e+00	
7.702300e+04	4.718392e-01 1.798202e+00 1.414187e+00	
7.832748e+04	6.487241e-01 1.887537e+00 1.414217e+00	
8.124475e+04	6.829115e-01 1.738805e+00 1.414199e+00	
8.391858e+04	8.255292e-01 1.873878e+00 1.414180e+00	
8.587113e+04	9.977408e-01 1.906261e+00 1.414190e+00	
8.805357e+04	5.366786e-01 1.886212e+00 1.414249e+00	
9.030333e+04	8.044618e-01 1.874408e+00 1.414209e+00	
9.281085e+04	8.189583e-01 1.946757e+00 1.414276e+00	
9.331535e+04	7.167765e-01 1.867264e+00 1.414290e+00	
9.389042e+04	4.499990e-01 1.779312e+00 1.414207e+00	
9.687659e+04	7.035986e-01 1.909445e+00 1.414097e+00	
9.811389e+04	5.156660e-01 1.900630e+00 1.414049e+00	
9.834397e+04	5.103003e-01 1.549953e+00 1.414180e+00	
9.969396e+04	5.782377e-01 1.874345e+00 1.414047e+00	
1.009611e+05	7.657292e-01 1.993253e+00 1.414286e+00	
1.025816e+05	5.895231e-01 1.983301e+00 1.414340e+00	
1.079656e+05	4.845332e-01 1.882788e+00 1.414311e+00	
1.134378e+05	6.616668e-01 1.376163e+00 1.414348e+00	
1.141753e+05	8.345751e-01 1.726082e+00 1.414285e+00	
1.145975e+05	7.151441e-01 1.934962e+00 1.414108e+00	
1.152656e+05	7.972561e-01 1.985289e+00 1.414253e+00	
1.194398e+05	8.806498e-01 1.775474e+00 1.414194e+00	
1.222727e+05	7.741136e-01 1.751103e+00 1.414264e+00	
1.351951e+05	8.692209e-01 1.887067e+00 1.414121e+00	
1.353453e+05	4.395849e-01 1.697591e+00 1.414183e+00	
1.356455e+05	5.633641e-01 1.865143e+00 1.414266e+00	
1.367356e+05	8.274406e-01 1.793645e+00 1.414138e+00	
1.367584e+05	9.996298e-01 1.624376e+00 1.414280e+00	
1.385592e+05	1.106636e+00 1.817121e+00 1.414260e+00	
1.421815e+05	1.226550e+00 1.741755e+00 1.414165e+00	
1.423830e+05	6.942670e-01 1.946980e+00 1.414213e+00	
1.473890e+05	7.477983e-01 1.768067e+00 1.414140e+00	
1.496182e+05	1.063795e+00 1.809394e+00 1.414113e+00	
1.514944e+05	8.094338e-01 1.685503e+00 1.414295e+00	
1.578326e+05	4.779042e-01 1.878125e+00 1.414287e+00	
1.584436e+05	5.508391e-01 1.891311e+00 1.414273e+00	
1.598934e+05	5.634004e-01 1.967589e+00 1.414249e+00	
1.603829e+05	5.435505e-01 1.924470e+00 1.414257e+00	
1.634042e+05	6.641436e-01 1.955046e+00 1.414307e+00	
1.637076e+05	1.201586e+00 1.710980e+00 1.414037e+00	
1.648308e+05	4.653732e-01 9.571563e-01 1.414246e+00	
1.686435e+05	1.472406e+00 1.879960e+00 1.414069e+00	
1.799450e+05	5.235833e-01 1.660420e+00 1.414305e+00	
1.826179e+05	5.867203e-01 1.828137e+00 1.414366e+00	
1.830712e+05	4.755761e-01 1.864596e+00 1.414100e+00	
1.834641e+05	4.936348e-01 1.824986e+00 1.414016e+00	
1.860998e+05	8.206924e-01 1.559268e+00 1.414187e+00	
1.905904e+05	6.668952e-01 1.835775e+00 1.414176e+00	
1.934203e+05	8.569228e-01 1.879559e+00 1.414324e+00	
1.965806e+05	5.580714e-01 1.901327e+00 1.414109e+00	
2.041903e+05	5.474291e-01 1.961368e+00 1.414338e+00	
2.047175e+05	8.387131e-01 1.789910e+00 1.414044e+00	
2.053950e+05	8.441609e-01 1.930221e+00 1.414078e+00	
2.064874e+05	5.810522e-01 1.969804e+00 1.414279e+00	
2.069917e+05	1.367308e+00 1.953620e+00 1.414274e+00	
2.098147e+05	7.131806e-01 1.518425e+00 1.414223e+00	
2.100922e+05	8.165960e-01 1.739742e+00 1.414262e+00	
2.108098e+05	7.957583e-01 1.672896e+00 1.414268e+00	
2.219608e+05	8.070120e-01 1.753999e+00 1.414232e+00	
2.224331e+05	9.020951e-01 2.010203e+00 1.414262e+00	
2.236042e+05	8.797907e-01 1.620605e+00 1.414207e+00	
2.283414e+05	1.079332e+00 1.857729e+00 1.414134e+00	
2.286249e+05	5.006138e-01 1.808054e+00 1.414124e+00	
2.300823e+05	4.944377e-01 1.662163e+00 1.414271e+00	
2.325262e+05	1.256844e+00 1.978181e+00 1.414238e+00	
2.328060e+05	6.152220e-01 1.993867e+00 1.414170e+00	
2.342810e+05	5.964838e-01 1.968529e+00 1.414169e+00	
2.345601e+05	6.940557e-01 2.063575e+00 1.414254e+00	
2.482430e+05	9.718086e-01 1.753542e+00 1.414234e+00	
2.504526e+05	4.721174e-01 1.727202e+00 1.414333e+00	
2.538035e+05	1.046006e+00 1.506205e+00 1.414391e+00	
2.546061e+05	1.022361e+00 1.810452e+00 1.414333e+00	
2.592225e+05	6.947244e-01 1.972408e+00 1.414070e+00	
2.600800e+05	8.093575e-01 1.894386e+00 1.414321e+00	
2.706331e+05	5.116269e-01 1.828167e+00 1.414059e+00	
2.722351e+05	8.485376e-01 1.922668e+00 1.414206e+00	
2.727054e+05	7.023965e-01 1.709051e+00 1.414045e+00	
2.727452e+05	5.866494e-01 1.973567e+00 1.414055e+00	
2.734563e+05	5.575065e-01 1.952694e+00 1.414037e+00	
2.739307e+05	4.659986e-01 1.678024e+00 1.414120e+00	
2.742806e+05	5.579988e-01 1.677967e+00 1.414106e+00	
2.746372e+05	8.459276e-01 1.552203e+00 1.414303e+00	
2.762181e+05	6.715026e-01 1.944104e+00 1.414126e+00	
2.814435e+05	9.558905e-01 1.982276e+00 1.414137e+00	
2.834366e+05	8.028126e-01 1.695896e+00 1.414331e+00	
2.917819e+05	6.105151e-01 1.754514e+00 1.414139e+00	
2.919279e+05	6.010864e-01 1.709540e+00 1.414211e+00	
2.923237e+05	4.603115e-01 1.874062e+00 1.414191e+00	
2.931644e+05	5.845196e-01 1.955225e+00 1.414119e+00	
2.933529e+05	7.333968e-01 1.814473e+00 1.414240e+00	
2.938646e+05	6.878153e-01 1.738091e+00 1.414165e+00	
2.940208e+05	5.072994e-01 1.868013e+00 1.414119e+00	
2.945104e+05	1.467172e+00 1.849325e+00 1.414207e+00	
3.001438e+05	4.871394e-01 1.865593e+00 1.414271e+00	
3.044823e+05	1.573431e+00 1.874065e+00 1.414237e+00	
3.079586e+05	5.398699e-01 1.820352e+00 1.414306e+00	
3.173122e+05	5.967783e-01 1.903766e+00 1.414325e+00	
3.178916e+05	5.208757e-01 1.800112e+00 1.414209e+00	
3.186168e+05	7.392534e-01 1.652147e+00 1.414099e+00	
3.198510e+05	6.491363e-01 1.554406e+00 1.414079e+00	
3.205562e+05	9.603463e-01 1.847332e+00 1.414121e+00	
3.229007e+05	6.532945e-01 1.599246e+00 1.414150e+00	
3.233988e+05	9.957390e-01 1.766060e+00 1.414309e+00	
3.395825e+05	1.052079e+00 1.690609e+00 1.414304e+00	
3.405122e+05	6.246939e-01 1.844274e+00 1.414356e+00	
3.434574e+05	5.836036e-01 1.966162e+00 1.414112e+00	
3.441007e+05	5.721642e-01 1.536523e+00 1.414176e+00	
3.477288e+05	7.936579e-01 1.553157e+00 1.414257e+00	
3.497343e+05	5.174446e-01 1.834428e+00 1.414233e+00	
3.556365e+05	1.434439e+00 2.013420e+00 1.414186e+00	
3.568495e+05	5.486701e-01 1.934839e+00 1.414100e+00	
3.606709e+05	5.270778e-01 1.904731e+00 1.414255e+00	
3.685607e+05	6.387029e-01 1.920623e+00 1.414216e+00	
3.700008e+05	8.189838e-01 1.744993e+00 1.414201e+00	
3.711160e+05	4.968938e-01 1.536243e+00 1.414167e+00	
3.754751e+05	9.662315e-01 1.777128e+00 1.414218e+00	
3.819893e+05	6.156810e-01 1.765992e+00 1.414169e+00	
3.831043e+05	4.978986e-01 1.892380e+00 1.414214e+00	
3.839555e+05	5.934220e-01 1.392989e+00 1.414085e+00	
3.842450e+05	6.344461e-01 1.989312e+00 1.414208e+00	
3.846467e+05	9.432487e-01 1.900113e+00 1.414074e+00	
3.857806e+05	8.868072e-01 1.785940e+00 1.414269e+00	
3.913833e+05	7.130914e-01 2.017093e+00 1.414095e+00	
3.922325e+05	6.577374e-01 2.013894e+00 1.414256e+00	
3.935382e+05	9.238971e-01 1.714291e+00 1.414292e+00	
3.935565e+05	5.827534e-01 1.811194e+00 1.414059e+00	
4.001954e+05	5.643176e-01 1.905763e+00 1.414277e+00	
4.041671e+05	5.568281e-01 1.968728e+00 1.414334e+00	
4.057266e+05	4.543614e-01 1.847610e+00 1.414051e+00	
4.062510e+05	8.534655e-01 1.945881e+00 1.414058e+00	
4.066186e+05	6.094582e-01 1.780706e+00 1.414311e+00	
4.076100e+05	6.376370e-01 1.859648e+00 1.414300e+00	
4.080641e+05	7.264576e-01 1.730422e+00 1.414336e+00	
4.085959e+05	6.914225e-01 1.568505e+00 1.414259e+00	
4.086739e+05	6.660912e-01 1.607105e+00 1.413996e+00	
4.128446e+05	6.292280e-01 1.779452e+00 1.414070e+00	
4.133076e+05	5.569154e-01 1.772400e+00 1.414307e+00	
4.151046e+05	7.207178e-01 1.762822e+00 1.414074e+00	
4.178687e+05	6.727019e-01 1.627072e+00 1.414036e+00	
4.197554e+05	5.833184e-01 1.688131e+00 1.414342e+00	
4.233032e+05	7.063584e-01 1.801282e+00 1.414334e+00	
4.271366e+05	6.609071e-01 1.673344e+00 1.414188e+00	
4.283036e+05	6.113999e-01 1.744942e+00 1.414344e+00	
4.286832e+05	9.281120e-01 1.477475e+00 1.414258e+00	
4.291243e+05	9.324733e-01 1.646308e+00 1.414228e+00	
4.305969e+05	5.581321e-01 1.519746e+00 1.414164e+00	
4.316150e+05	1.224256e+00 1.792684e+00 1.414255e+00	
4.318371e+05	6.118138e-01 1.719436e+00 1.414329e+00	
4.319033e+05	9.205525e-01 1.747100e+00 1.414240e+00	
4.324232e+05	5.940469e-01 1.855018e+00 1.414183e+00	
4.334943e+05	8.685952e-01 1.638536e+00 1.414204e+00	
4.356114e+05	5.659626e-01 1.629150e+00 1.414118e+00	
4.390904e+05	6.333092e-01 1.584250e+00 1.414234e+00	
4.398561e+05	1.020483e+00 1.892500e+00 1.414209e+00	
4.402976e+05	8.235949e-01 2.043261e+00 1.414222e+00	
4.502778e+05	8.558392e-01 1.378597e+00 1.414164e+00	
4.512713e+05	7.934461e-01 1.923175e+00 1.414235e+00	
4.519802e+05	5.510423e-01 1.865046e+00 1.414240e+00	
4.529093e+05	5.470521e-01 1.629036e+00 1.414238e+00	
4.530645e+05	6.419646e-01 1.910892e+00 1.414129e+00	
4.543810e+05	1.052046e+00 1.859039e+00 1.414250e+00	
4.651837e+05	1.101798e+00 1.690706e+00 1.414069e+00	
4.670196e+05	8.036511e-01 1.640452e+00 1.414311e+00	
4.716752e+05	4.731389e-01 1.840927e+00 1.414222e+00	
4.724402e+05	9.420838e-01 1.614218e+00 1.414315e+00	
4.734943e+05	4.725389e-01 1.884828e+00 1.414146e+00	
4.761894e+05	4.948248e-01 1.857724e+00 1.414219e+00	
4.781534e+05	4.537373e-01 1.861259e+00 1.414279e+00	
4.782642e+05	8.181029e-01 1.753518e+00 1.414086e+00	
4.786722e+05	6.539336e-01 1.938024e+00 1.414012e+00	
4.791832e+05	6.804668e-01 1.926516e+00 1.414048e+00	
4.795856e+05	6.108294e-01 2.005697e+00 1.414222e+00	
4.796341e+05	9.422128e-01 1.839460e+00 1.414201e+00	
4.803048e+05	4.634135e-01 1.675293e+00 1.414346e+00	
4.818837e+05	1.175117e+00 1.971238e+00 1.414246e+00	
4.854799e+05	1.147632e+00 1.819578e+00 1.413986e+00	
4.940670e+05	6.419134e-01 1.095698e+00 1.414326e+00	
4.973661e+05	6.275986e-01 2.011744e+00 1.414113e+00	
4.979257e+05	8.427236e-01 1.651873e+00 1.414176e+00	
4.981986e+05	7.929859e-01 1.442297e+00 1.414140e+00	
4.995979e+05	3.862844e-01 1.030421e+00 1.414073e+00	
4.996530e+05	8.969163e-01 1.932021e+00 1.414088e+00	
4.999048e+05	1.084493e+00 1.708784e+00 1.414288e+00	
4.999633e+05	7.177903e-01 1.789245e+00 1.414221e+00	
5.000512e+05	4.689619e-01 1.811446e+00 1.414285e+00	
5.010909e+05	1.482501e+00 1.710019e+00 1.414239e+00	
5.042565e+05	1.011459e+00 1.663778e+00 1.414322e+00	
5.048656e+05	7.425121e-01 1.885774e+00 1.414261e+00	
5.136918e+05	4.675492e-01 1.732700e+00 1.414166e+00	
5.157429e+05	5.098683e-01 1.823927e+00 1.414207e+00	
5.186254e+05	6.373476e-01 1.553025e+00 1.414167e+00	
5.195200e+05	6.856765e-01 1.943145e+00 1.414245e+00	
5.200309e+05	7.193940e-01 1.659198e+00 1.414247e+00	
5.233640e+05	5.393770e-01 1.944764e+00 1.414144e+00	
5.242284e+05	1.019937e+00 1.672289e+00 1.414290e+00	
5.258969e+05	6.467890e-01 1.593204e+00 1.414277e+00	
5.298750e+05	4.961649e-01 1.875557e+00 1.414227e+00	
5.333364e+05	6.459789e-01 1.797832e+00 1.414112e+00	
5.337016e+05	6.272661e-01 1.907491e+00 1.414259e+00	
5.350082e+05	5.245453e-01 1.736098e+00 1.414225e+00	
5.392350e+05	4.428857e-01 1.767201e+00 1.414352e+00	
5.397482e+05	5.474826e-01 1.927602e+00 1.414113e+00	
5.401812e+05	7.381318e-01 1.782555e+00 1.414114e+00	
5.442954e+05	7.857609e-01 1.834126e+00 1.414272e+00	
5.445357e+05	6.990958e-01 1.932866e+00 1.414247e+00	
5.451992e+05	6.459857e-01 1.771877e+00 1.414181e+00	
5.545145e+05	5.303076e-01 1.889821e+00 1.414066e+00	
5.556749e+05	5.934761e-01 1.999272e+00 1.414247e+00	
5.614489e+05	6.744537e-01 1.795300e+00 1.414245e+00	
5.633160e+05	5.789929e-01 1.992903e+00 1.414254e+00	
5.634107e+05	5.947558e-01 1.540505e+00 1.414181e+00	
5.638366e+05	8.138151e-01 1.746940e+00 1.414114e+00	
5.668777e+05	5.240160e-01 1.901406e+00 1.414088e+00	
5.681080e+05	6.407257e-01 1.787449e+00 1.414288e+00	
5.686385e+05	5.058378e-01 1.886081e+00 1.414106e+00	
5.691121e+05	8.030178e-01 1.834582e+00 1.414214e+00	
5.695431e+05	1.095940e+00 1.673850e+00 1.414083e+00	
5.705338e+05	9.040726e-01 1.907714e+00 1.414245e+00	
5.714757e+05	5.510719e-01 1.775867e+00 1.414114e+00	
5.721676e+05	5.983511e-01 2.010376e+00 1.414251e+00	
5.724448e+05	1.062420e+00 1.739344e+00 1.414316e+00	
5.748005e+05	1.168464e+00 1.548422e+00 1.414239e+00	
5.805946e+05	6.774266e-01 2.040510e+00 1.414251e+00	
5.836126e+05	1.321043e+00 1.638090e+00 1.414195e+00	
5.970176e+05	8.038828e-01 1.827201e+00 1.414147e+00	
5.978341e+05	6.292015e-01 2.029526e+00 1.414196e+00	
6.069946e+05	8.952634e-01 1.830127e+00 1.414325e+00	
6.075479e+05	4.953354e-01 1.759813e+00 1.414376e+00	
6.099174e+05	8.405139e-01 1.809501e+00 1.414225e+00	
6.107225e+05	1.079077e+00 1.948772e+00 1.414353e+00	
6.121470e+05	4.831600e-01 1.531068e+00 1.414216e+00	
6.167208e+05	7.649187e-01 1.854283e+00 1.414257e+00	
6.168796e+05	7.229428e-01 1.804320e+00 1.414344e+00	
6.265911e+05	6.423660e-01 1.698530e+00 1.414018e+00	
6.280919e+05	6.220446e-01 1.923101e+00 1.414056e+00	
6.287361e+05	5.154990e-01 1.815335e+00 1.414179e+00	
6.291101e+05	5.843937e-01 1.631945e+00 1.414322e+00	
6.298125e+05	5.603845e-01 1.763135e+00 1.414336e+00	
6.314058e+05	5.798280e-01 1.841405e+00 1.413978e+00	
6.316095e+05	6.261597e-01 1.806263e+00 1.414358e+00	
6.322343e+05	9.769898e-01 1.874490e+00 1.413991e+00	
6.326661e+05	5.707270e-01 1.240743e+00 1.414274e+00	
6.349406e+05	6.784589e-01 1.700468e+00 1.414124e+00	
6.358071e+05	4.897873e-01 1.717507e+00 1.414245e+00	
6.366512e+05	8.146638e-01 1.920196e+00 1.414409e+00	
6.384085e+05	4.991899e-01 1.707387e+00 1.414231e+00	
6.443443e+05	5.190076e-01 1.562551e+00 1.414120e+00	
6.466217e+05	6.062679e-01 1.945913e+00 1.414237e+00	
6.501513e+05	6.358413e-01 1.817919e+00 1.414210e+00	
6.513326e+05	6.181630e-01 2.032370e+00 1.414256e+00	
6.517376e+05	7.032536e-01 1.583792e+00 1.414312e+00	
6.526358e+05	7.909992e-01 1.657674e+00 1.414119e+00	
6.533779e+05	5.045344e-01 1.300368e+00 1.414238e+00	
6.544217e+05	6.946125e-01 1.679342e+00 1.414177e+00	
6.581449e+05	1.113910e+00 1.719574e+00 1.414228e+00	
6.680849e+05	7.087391e-01 1.789843e+00 1.414224e+00	
6.698982e+05	1.124080e+00 1.792900e+00 1.414203e+00	
6.725259e+05	4.663060e-01 1.880153e+00 1.414215e+00	
6.742286e+05	8.104215e-01 1.616992e+00 1.414231e+00	
6.746449e+05	8.399885e-01 1.725402e+00 1.414220e+00	
6.752876e+05	5.530608e-01 1.938901e+00 1.414163e+00	
6.770388e+05	1.014654e+00 1.678504e+00 1.414107e+00	
6.776720e+05	7.301980e-01 1.804824e+00 1.414257e+00	
6.804269e+05	7.618871e-01 1.923633e+00 1.414329e+00	
6.846103e+05	1.266031e+00 1.819029e+00 1.414176e+00	
6.850783e+05	8.868529e-01 1.832820e+00 1.414297e+00	
6.864326e+05	5.097391e-01 1.821028e+00 1.414313e+00	
6.954693e+05	9.039949e-01 1.729187e+00 1.414178e+00	
6.958870e+05	1.031537e+00 1.483152e+00 1.414156e+00	
6.995600e+05	5.141345e-01 1.752982e+00 1.414155e+00	
7.037928e+05	6.708880e-01 9.796098e-01 1.414380e+00	
7.068934e+05	9.346041e-01 2.043871e+00 1.414298e+00	
7.092276e+05	1.158847e+00 1.849882e+00 1.414221e+00	
7.129213e+05	5.598978e-01 1.912791e+00 1.414158e+00	
7.147987e+05	6.874042e-01 1.815167e+00 1.414328e+00	
7.187075e+05	6.249336e-01 1.987746e+00 1.414155e+00	
7.188729e+05	9.480727e-01 1.413976e+00 1.414335e+00	
7.203763e+05	4.831054e-01 1.673798e+00 1.414275e+00	
7.203991e+05	4.792378e-01 1.879568e+00 1.414107e+00	
7.222275e+05	6.668197e-01 1.616127e+00 1.414276e+00	
7.231742e+05	6.112187e-01 1.560163e+00 1.414262e+00	
7.234614e+05	4.421334e-01 1.753398e+00 1.414339e+00	
7.236201e+05	6.450300e-01 2.024070e+00 1.414118e+00	
7.254582e+05	5.495700e-01 1.862279e+00 1.414192e+00	
7.395855e+05	5.062165e-01 1.900535e+00 1.414160e+00	
7.423308e+05	1.134284e+00 1.972710e+00 1.414171e+00	
7.424160e+05	4.749334e-01 1.873808e+00 1.414187e+00	
7.430816e+05	5.324755e-01 1.941485e+00 1.414164e+00	
7.442888e+05	5.278053e-01 1.788257e+00 1.414206e+00	
7.444049e+05	1.134846e+00 1.538515e+00 1.414163e+00	
7.505551e+05	5.776411e-01 1.728573e+00 1.414292e+00	
7.532920e+05	7.907317e-01 1.897685e+00 1.414103e+00	
7.620625e+05	4.659097e-01 1.880009e+00 1.414101e+00	
7.623831e+05	9.281086e-01 1.716364e+00 1.414248e+00	
7.633252e+05	7.455122e-01 1.634003e+00 1.414296e+00	
7.650659e+05	5.498162e-01 1.932932e+00 1.414292e+00	
7.651351e+05	5.318501e-01 1.527786e+00 1.414118e+00	
7.652765e+05	1.151166e+00 1.566204e+00 1.414251e+00	
7.657116e+05	9.404900e-01 1.658188e+00 1.414261e+00	
7.689288e+05	5.702625e-01 1.968645e+00 1.414130e+00	
7.837461e+05	5.412693e-01 1.954960e+00 1.414110e+00	
7.874721e+05	5.574723e-01 1.882063e+00 1.414239e+00	
7.878862e+05	8.644365e-01 1.706253e+00 1.414201e+00	
7.896129e+05	5.927609e-01 1.929193e+00 1.414271e+00	
7.911972e+05	5.962124e-01 1.857974e+00 1.414339e+00	
7.931052e+05	1.059472e+00 1.783594e+00 1.414254e+00	
7.931568e+05	4.620061e-01 1.856943e+00 1.414065e+00	
7.935996e+05	5.762910e-01 1.985567e+00 1.414109e+00	
7.970237e+05	6.001639e-01 1.990468e+00 1.414245e+00	
7.978121e+05	5.183571e-01 1.847110e+00 1.414228e+00	
8.047626e+05	7.141103e-01 1.759045e+00 1.414195e+00	
8.084432e+05	6.233459e-01 1.837786e+00 1.414166e+00	
8.084665e+05	1.177619e+00 1.654008e+00 1.414141e+00	
8.086958e+05	4.351168e-01 1.835836e+00 1.414218e+00	
8.121012e+05	6.707084e-01 1.648915e+00 1.414193e+00	
8.134738e+05	5.161343e-01 1.610096e+00 1.414215e+00	
8.141469e+05	5.996738e-01 1.305119e+00 1.414223e+00	
8.163006e+05	7.380516e-01 1.996807e+00 1.414226e+00	
8.192243e+05	6.915148e-01 1.959695e+00 1.414164e+00	
8.242187e+05	1.125827e+00 1.858523e+00 1.414209e+00	
8.246494e+05	5.232383e-01 1.889852e+00 1.414293e+00	
8.286453e+05	6.141050e-01 1.852125e+00 1.414127e+00	
8.316469e+05	4.758362e-01 1.791661e+00 1.414168e+00	
8.317698e+05	8.817614e-01 1.651539e+00 1.414036e+00	
8.342525e+05	4.957714e-01 1.797235e+00 1.414260e+00	
8.371818e+05	9.068172e-01 1.762324e+00 1.414250e+00	
8.391666e+05	6.233655e-01 1.687349e+00 1.414221e+00	
8.394247e+05	4.935666e-01 1.802123e+00 1.414006e+00	
8.505161e+05	1.092127e+00 1.735666e+00 1.414199e+00	
8.532468e+05	6.173184e-01 1.759556e+00 1.414014e+00	
8.612386e+05	7.868699e-01 1.917961e+00 1.414252e+00	
8.624586e+05	9.358937e-01 1.767825e+00 1.414327e+00	
8.629086e+05	8.904960e-01 1.806387e+00 1.414308e+00	
8.632920e+05	5.430339e-01 1.526191e+00 1.414242e+00	
8.633770e+05	8.737307e-01 1.833017e+00 1.414185e+00	
8.758206e+05	6.138946e-01 1.772316e+00 1.414091e+00	
8.763795e+05	6.857308e-01 1.776278e+00 1.414188e+00	
8.769120e+05	5.272517e-01 1.912921e+00 1.414250e+00	
8.773152e+05	6.785028e-01 1.881274e+00 1.414265e+00	
2.524973e+03	5.798218e-01 1.554834e+00 1.414230e+00	
3.036287e+03	7.952396e-01 1.852434e+00 1.414193e+00	
3.269140e+03	5.915476e-01 1.749637e+00 1.414223e+00	
4.069670e+03	6.702432e-01 1.784278e+00 1.414242e+00	
4.704296e+03	1.078580e+00 1.977979e+00 1.414229e+00	
1.509913e+03	8.183405e-01 1.716823e+00 1.414255e+00	
1.615047e+03	7.150800e-01 1.504306e+00 1.414247e+00	
2.011571e+03	6.410301e-01 1.751261e+00 1.414182e+00	
2.479215e+03	5.909097e-01 1.690597e+00 1.414183e+00	
2.545898e+03	5.452538e-01 1.521414e+00 1.414159e+00	
3.655948e+03	5.984641e-01 1.873359e+00 1.414230e+00	
4.508822e+03	6.246580e-01 2.020503e+00 1.414215e+00	
4.827965e+03	7.827128e-01 1.656546e+00 1.414136e+00	
5.032064e+03	5.219030e-01 1.899592e+00 1.414160e+00	
5.073333e+03	5.933876e-01 1.769372e+00 1.414195e+00	
5.465488e+03	1.111474e+00 1.749602e+00 1.414141e+00	
5.480905e+03	4.564992e-01 1.833828e+00 1.414283e+00	
5.520558e+03	5.808975e-01 1.840541e+00 1.414150e+00	
5.800836e+03	5.123349e-01 1.923681e+00 1.414163e+00	
6.309005e+03	5.743291e-01 1.701328e+00 1.414214e+00	
6.395335e+03	6.046523e-01 1.920097e+00 1.414109e+00	
6.721667e+03	8.211297e-01 1.631736e+00 1.414176e+00	
7.358369e+03	8.282606e-01 1.466006e+00 1.414187e+00	
7.913369e+03	7.599551e-01 1.834892e+00 1.414196e+00	
8.473931e+03	8.108438e-01 1.804392e+00 1.414178e+00	
8.912332e+03	1.480434e+00 1.868074e+00 1.414220e+00	
9.116202e+03	8.340004e-01 1.788598e+00 1.414259e+00	
9.663875e+03	1.409057e+00 1.643182e+00 1.414138e+00	
1.161448e+04	6.845083e-01 1.610378e+00 1.414143e+00	
2.192243e+04	8.711173e-01 1.927359e+00 1.414188e+00	
2.408239e+04	5.241506e-01 1.679681e+00 1.414243e+00	
2.634221e+04	5.287479e-01 1.941630e+00 1.414303e+00	
2.641932e+04	5.890167e-01 1.804381e+00 1.414173e+00	
2.660204e+04	7.936837e-01 1.773486e+00 1.414291e+00	
2.673918e+04	4.453041e-01 1.080055e+00 1.414171e+00	
2.703712e+04	7.123261e-01 1.881220e+00 1.414021e+00	
2.760690e+04	5.913389e-01 1.246530e+00 1.414011e+00	
2.827213e+04	7.617247e-01 1.918049e+00 1.414400e+00	
2.828172e+04	7.796015e-01 1.782840e+00 1.414168e+00	
2.995921e+04	7.935059e-01 1.702759e+00 1.414287e+00	
3.056313e+04	9.293453e-01 1.882537e+00 1.414016e+00	
3.065166e+04	6.233629e-01 1.963253e+00 1.414349e+00	
3.429637e+04	7.049270e-01 1.977754e+00 1.414061e+00	
3.639994e+04	5.753978e-01 1.894676e+00 1.414332e+00	
3.667160e+04	5.710064e-01 1.714502e+00 1.414346e+00	
4.036338e+04	1.431287e+00 1.901505e+00 1.414331e+00	
4.666826e+04	5.967476e-01 1.987834e+00 1.414210e+00	
4.856675e+04	8.012952e-01 1.927159e+00 1.414249e+00	
4.884801e+04	6.709390e-01 1.833419e+00 1.414108e+00	
4.897143e+04	5.077037e-01 1.920247e+00 1.414315e+00	
4.941602e+04	6.064640e-01 1.951274e+00 1.414124e+00	
4.960593e+04	6.207521e-01 2.031536e+00 1.414200e+00	
5.154062e+04	4.441076e-01 1.704418e+00 1.414054e+00	
5.202005e+04	5.583805e-01 1.697167e+00 1.414235e+00	
5.286335e+04	5.003576e-01 1.714007e+00 1.414292e+00	
5.520811e+04	6.277239e-01 1.912508e+00 1.414025e+00	
5.532129e+04	5.227715e-01 1.906717e+00 1.414327e+00	
5.916438e+04	1.071564e+00 1.566454e+00 1.414104e+00	
6.982811e+04	4.628182e-01 1.873641e+00 1.414253e+00	
7.121939e+04	7.364001e-01 1.915796e+00 1.414181e+00	
7.431531e+04	9.275176e-01 1.980052e+00 1.414219e+00	
7.557208e+04	9.519473e-01 1.773253e+00 1.414213e+00	
7.739778e+04	7.270956e-01 1.833555e+00 1.414194e+00	
7.912335e+04	6.737123e-01 1.756970e+00 1.414264e+00	
7.950321e+04	9.598941e-01 1.896440e+00 1.414204e+00	
8.235742e+04	9.924759e-01 1.861039e+00 1.414195e+00	
8.342335e+04	7.133923e-01 1.982604e+00 1.414223e+00	
8.608708e+04	5.860088e-01 1.995911e+00 1.414142e+00	
8.783118e+04	8.452726e-01 2.003931e+00 1.414249e+00	
9.092246e+04	7.230291e-01 1.372547e+00 1.414270e+00	
9.205443e+04	6.896790e-01 1.724518e+00 1.414181e+00	
9.303411e+04	7.424583e-01 1.840103e+00 1.414339e+00	
9.414894e+04	5.461501e-01 1.825656e+00 1.414135e+00	
9.914626e+04	7.667721e-01 1.912065e+00 1.414344e+00	
1.014284e+05	8.338130e-01 1.851467e+00 1.414246e+00	
1.016569e+05	9.662928e-01 1.853505e+00 1.414302e+00	
1.028158e+05	5.993532e-01 1.573118e+00 1.414271e+00	
1.032383e+05	1.247806e+00 1.968901e+00 1.414204e+00	
1.043780e+05	9.001691e-01 1.944267e+00 1.414077e+00	
1.141035e+05	6.322937e-01 1.815005e+00 1.414267e+00	
1.149675e+05	5.153101e-01 1.834041e+00 1.414195e+00	
1.150005e+05	5.514386e-01 1.875779e+00 1.414151e+00	
1.163668e+05	7.415343e-01 1.709416e+00 1.414115e+00	
1.179928e+05	6.040843e-01 1.793040e+00 1.414354e+00	
1.185813e+05	8.885789e-01 1.812471e+00 1.414183e+00	
1.186756e+05	8.041372e-01 1.913820e+00 1.414236e+00	
1.191449e+05	8.599954e-01 1.416173e+00 1.414028e+00	
1.205647e+05	5.842977e-01 1.426819e+00 1.414356e+00	
1.207059e+05	9.610829e-01 1.748911e+00 1.414107e+00	
1.207383e+05	8.278101e-01 1.947371e+00 1.414306e+00	
1.219739e+05	4.971797e-01 1.890847e+00 1.414299e+00	
1.287518e+05	5.108320e-01 1.647054e+00 1.414240e+00	
1.310185e+05	1.133538e+00 1.865320e+00 1.414227e+00	
1.366804e+05	5.018649e-01 1.855183e+00 1.414260e+00	
1.370642e+05	7.390558e-01 1.735791e+00 1.414167e+00	
1.374847e+05	5.371644e-01 1.909503e+00 1.414228e+00	
1.387873e+05	6.378820e-01 1.974030e+00 1.414184e+00	
1.390498e+05	6.301688e-01 1.690083e+00 1.414144e+00	
1.408910e+05	6.068201e-01 1.986979e+00 1.414150e+00	
1.414014e+05	6.420231e-01 2.043320e+00 1.414154e+00	
1.415169e+05	1.101086e+00 1.899775e+00 1.414152e+00	
1.419186e+05	5.252681e-01 1.822081e+00 1.414147e+00	
1.482020e+05	5.036106e-01 1.756515e+00 1.414121e+00	
1.637972e+05	4.937705e-01 1.907204e+00 1.414225e+00	
1.646178e+05	5.670250e-01 1.944632e+00 1.414189e+00	
1.647017e+05	5.077715e-01 1.766412e+00 1.414326e+00	
1.660764e+05	7.533101e-01 1.713334e+00 1.414359e+00	
1.671908e+05	5.361730e-01 1.862200e+00 1.414373e+00	
1.679192e+05	8.930073e-01 1.890877e+00 1.414195e+00	
1.726468e+05	5.479397e-01 1.819143e+00 1.414255e+00	
1.776670e+05	5.108187e-01 1.854002e+00 1.414052e+00	
1.813516e+05	6.709517e-01 1.773852e+00 1.414085e+00	
1.825927e+05	9.199552e-01 1.750212e+00 1.414157e+00	
1.830427e+05	4.894829e-01 1.894384e+00 1.414057e+00	
1.837647e+05	5.526958e-01 1.812480e+00 1.414211e+00	
1.843853e+05	9.297136e-01 1.843388e+00 1.414100e+00	
1.850681e+05	4.494799e-01 1.623135e+00 1.414211e+00	
1.860502e+05	5.360866e-01 1.449170e+00 1.414316e+00	
1.860702e+05	7.044076e-01 1.792913e+00 1.414147e+00	
1.868494e+05	6.300459e-01 1.853468e+00 1.414266e+00	
1.908790e+05	1.458005e+00 1.916794e+00 1.414400e+00	
1.909353e+05	8.730745e-01 1.848647e+00 1.414003e+00	
1.912734e+05	1.445354e+00 1.984452e+00 1.414134e+00	
1.936897e+05	9.598971e-01 1.649256e+00 1.414404e+00	
1.979683e+05	4.620218e-01 1.804829e+00 1.414231e+00	
2.003621e+05	1.091238e+00 1.629766e+00 1.414333e+00	
2.033673e+05	6.682833e-01 1.892937e+00 1.414272e+00	
2.040829e+05	5.686115e-01 1.804267e+00 1.414197e+00	
2.054473e+05	1.182249e+00 1.787095e+00 1.414115e+00	
2.069908e+05	7.322646e-01 2.006692e+00 1.414185e+00	
2.070476e+05	5.161560e-01 1.913134e+00 1.414135e+00	
2.076261e+05	5.386766e-01 1.794825e+00 1.414190e+00	
2.079190e+05	7.640967e-01 1.874454e+00 1.414216e+00	
2.104553e+05	1.073764e+00 1.835668e+00 1.414130e+00	
2.220185e+05	9.720255e-01 1.668176e+00 1.414184e+00	
2.279674e+05	9.663838e-01 1.881029e+00 1.414294e+00	
2.280182e+05	5.005675e-01 1.336227e+00 1.414233e+00	
2.310165e+05	7.998089e-01 1.806284e+00 1.414240e+00	
2.310303e+05	6.519523e-01 1.800755e+00 1.414212e+00	
2.314950e+05	9.830945e-01 1.808082e+00 1.414253e+00	
2.395466e+05	7.077735e-01 1.994459e+00 1.414325e+00	
2.479582e+05	6.101752e-01 2.023695e+00 1.414268e+00	
2.485663e+05	1.241970e+00 2.030217e+00 1.414055e+00	
2.500871e+05	4.841218e-01 1.897065e+00 1.414353e+00	
2.501024e+05	6.916849e-01 1.554601e+00 1.414018e+00	
2.502355e+05	6.260750e-01 1.836515e+00 1.414265e+00	
2.520751e+05	9.129042e-01 1.977674e+00 1.414382e+00	
2.535616e+05	1.061510e+00 1.851221e+00 1.414389e+00	
2.556688e+05	7.415078e-01 1.929375e+00 1.414383e+00	
2.655129e+05	9.683065e-01 1.749037e+00 1.414408e+00	
2.659055e+05	1.099950e+00 1.879928e+00 1.414341e+00	
2.705450e+05	1.850470e+00 1.896736e+00 1.414326e+00	
2.710191e+05	5.704034e-01 1.900371e+00 1.414105e+00	
2.711134e+05	7.660015e-01 1.614838e+00 1.414274e+00	
2.725275e+05	7.621222e-01 1.806582e+00 1.414052e+00	
2.726654e+05	5.034347e-01 1.915103e+00 1.414048e+00	
2.744338e+05	1.011710e+00 1.693998e+00 1.414297e+00	
2.747638e+05	6.151110e-01 1.439605e+00 1.414292e+00	
2.771103e+05	7.233229e-01 1.815947e+00 1.414263e+00	
2.778533e+05	6.305906e-01 1.268476e+00 1.414032e+00	
2.786986e+05	5.077966e-01 1.209185e+00 1.414252e+00	
2.798551e+05	6.934460e-01 1.891129e+00 1.414317e+00	
2.808238e+05	5.499146e-01 1.916782e+00 1.414262e+00	
2.847057e+05	5.839599e-01 1.769202e+00 1.414274e+00	
2.900214e+05	1.148381e+00 1.707725e+00 1.414175e+00	
2.922606e+05	5.597075e-01 1.801916e+00 1.414173e+00	
2.934635e+05	6.468841e-01 1.635512e+00 1.414270e+00	
2.948948e+05	6.413237e-01 1.742734e+00 1.414181e+00	
2.991371e+05	5.302746e-01 1.923535e+00 1.414155e+00	
3.001505e+05	6.359272e-01 1.952098e+00 1.414237e+00	
3.001958e+05	6.950286e-01 1.972377e+00 1.414156e+00	
3.023623e+05	1.292672e+00 1.854374e+00 1.414269e+00	
3.084938e+05	5.587848e-01 1.748404e+00 1.414236e+00	
3.154821e+05	9.785393e-01 1.907769e+00 1.414260e+00	
3.163112e+05	5.361521e-01 1.806343e+00 1.414055e+00	
3.181551e+05	6.434440e-01 1.885929e+00 1.414078e+00	
3.195538e+05	5.717528e-01 1.985788e+00 1.414298e+00	
3.201067e+05	5.797158e-01 1.958721e+00 1.414288e+00	
3.206377e+05	1.159940e+00 1.702126e+00 1.414157e+00	
3.213581e+05	7.692062e-01 1.681893e+00 1.414066e+00	
3.227795e+05	7.098728e-01 1.998513e+00 1.414188e+00	
3.229791e+05	1.155294e+00 1.689165e+00 1.414081e+00	
3.230110e+05	5.748071e-01 1.782386e+00 1.414273e+00	
3.296118e+05	5.802998e-01 1.975017e+00 1.414286e+00	
3.352670e+05	5.444807e-01 1.900844e+00 1.414130e+00	
3.381292e+05	6.194779e-01 1.975728e+00 1.414181e+00	
3.382948e+05	5.474629e-01 1.809765e+00 1.414321e+00	
3.389807e+05	7.793239e-01 1.846589e+00 1.414043e+00	
3.396691e+05	1.509972e+00 1.538841e+00 1.414149e+00	
3.413728e+05	5.791002e-01 1.863836e+00 1.414213e+00	
3.420291e+05	9.700427e-01 1.523633e+00 1.414161e+00	
3.430229e+05	5.542547e-01 1.870788e+00 1.414212e+00	
3.451053e+05	4.820092e-01 1.896204e+00 1.414224e+00	
3.452895e+05	4.717664e-01 1.514135e+00 1.414258e+00	
3.471877e+05	6.609935e-01 1.949781e+00 1.414242e+00	
3.476883e+05	4.527212e-01 1.866778e+00 1.414162e+00	
3.500751e+05	5.004234e-01 1.914513e+00 1.414134e+00	
3.540610e+05	6.476625e-01 1.915616e+00 1.414218e+00	
3.541490e+05	5.281738e-01 1.844107e+00 1.414117e+00	
3.582561e+05	6.729474e-01 2.063798e+00 1.414125e+00	
3.615978e+05	6.622295e-01 1.760789e+00 1.414173e+00	
3.623601e+05	5.843821e-01 1.874304e+00 1.414159e+00	
3.654772e+05	1.290867e+00 1.706366e+00 1.414184e+00	
3.658236e+05	5.363819e-01 1.714973e+00 1.414258e+00	
3.667050e+05	5.016063e-01 1.915738e+00 1.414159e+00	
3.841275e+05	7.572127e-01 1.789643e+00 1.414266e+00	
3.861376e+05	1.144664e+00 1.726213e+00 1.414220e+00	
3.865713e+05	8.620331e-01 1.809253e+00 1.414034e+00	
3.890687e+05	5.495361e-01 1.529499e+00 1.414305e+00	
3.891451e+05	5.500782e-01 1.780081e+00 1.414303e+00	
4.075216e+05	6.492203e-01 1.729983e+00 1.414184e+00	
4.079420e+05	4.876999e-01 1.724109e+00 1.414201e+00	
4.090711e+05	4.278496e-01 1.770091e+00 1.414040e+00	
4.167797e+05	7.229883e-01 1.738569e+00 1.414228e+00	
4.180250e+05	7.476124e-01 1.875670e+00 1.414318e+00	
4.277267e+05	7.246366e-01 1.781181e+00 1.414183e+00	
4.312416e+05	7.007337e-01 1.508763e+00 1.414280e+00	
4.314996e+05	8.557289e-01 1.703572e+00 1.414200e+00	
4.315126e+05	7.514826e-01 1.732377e+00 1.414189e+00	
4.341812e+05	5.556859e-01 1.691438e+00 1.414184e+00	
4.352753e+05	8.153254e-01 1.910247e+00 1.414111e+00	
4.353538e+05	6.144799e-01 1.995468e+00 1.414255e+00	
4.357197e+05	5.381185e-01 1.199626e+00 1.414190e+00	
4.416893e+05	5.908170e-01 1.980811e+00 1.414171e+00	
4.504729e+05	1.159972e+00 1.763850e+00 1.414253e+00	
4.513502e+05	6.490435e-01 1.837176e+00 1.414134e+00	
4.516857e+05	5.501429e-01 1.940202e+00 1.414142e+00	
4.541607e+05	7.724231e-01 1.606593e+00 1.414263e+00	
4.543394e+05	9.255853e-01 1.879032e+00 1.414152e+00	
4.545772e+05	5.583304e-01 1.959169e+00 1.414292e+00	
4.553813e+05	5.938986e-01 9.484098e-01 1.414248e+00	
4.688278e+05	7.482125e-01 1.917460e+00 1.414289e+00	
4.688412e+05	6.233201e-01 2.017149e+00 1.414300e+00	
4.720246e+05	4.998854e-01 1.911342e+00 1.414294e+00	
4.732140e+05	7.008966e-01 1.604565e+00 1.414171e+00	
4.732703e+05	6.686153e-01 1.791598e+00 1.413997e+00	
4.756176e+05	7.892493e-01 1.443351e+00 1.414144e+00	
4.764603e+05	1.026897e+00 1.752524e+00 1.414262e+00	
4.765039e+05	1.028670e+00 1.894806e+00 1.414024e+00	
4.766607e+05	4.791699e-01 1.892430e+00 1.414038e+00	
4.868376e+05	5.645589e-01 1.977078e+00 1.414153e+00	
4.937721e+05	5.787806e-01 1.988610e+00 1.414100e+00	
4.944842e+05	9.557363e-01 1.861948e+00 1.414298e+00	
4.948233e+05	8.147350e-01 1.596732e+00 1.414107e+00	
4.961970e+05	6.776178e-01 1.634784e+00 1.414216e+00	
4.985685e+05	8.440542e-01 1.737990e+00 1.414129e+00	
5.001283e+05	4.966185e-01 1.698912e+00 1.414293e+00	
5.006950e+05	5.832922e-01 1.941937e+00 1.414091e+00	
5.062405e+05	9.652810e-01 1.851065e+00 1.414148e+00	
5.117970e+05	7.042371e-01 2.034164e+00 1.414212e+00	
5.160204e+05	4.961145e-01 1.785106e+00 1.414135e+00	
5.165645e+05	4.989047e-01 1.659506e+00 1.414159e+00	
5.176894e+05	1.166655e+00 1.704875e+00 1.414256e+00	
5.181654e+05	4.703801e-01 1.850308e+00 1.414159e+00	
5.204649e+05	4.743978e-01 1.558572e+00 1.414188e+00	
5.243568e+05	7.817344e-01 1.816491e+00 1.414275e+00	
5.291731e+05	8.574346e-01 1.778755e+00 1.414199e+00	
5.334859e+05	6.121896e-01 1.989580e+00 1.414144e+00	
5.405924e+05	1.029777e+00 1.891706e+00 1.414153e+00	
5.423381e+05	7.985109e-01 1.520890e+00 1.414252e+00	
5.430254e+05	4.706689e-01 1.875460e+00 1.414175e+00	
5.451080e+05	1.412535e+00 1.865731e+00 1.414261e+00	
5.477062e+05	8.219059e-01 1.925983e+00 1.414026e+00	
5.499544e+05	1.411292e+00 1.590552e+00 1.414118e+00	
5.615418e+05	1.001273e+00 1.721382e+00 1.414218e+00	
5.619281e+05	5.353354e-01 1.898009e+00 1.414176e+00	
5.621641e+05	6.145377e-01 1.812145e+00 1.414113e+00	
5.626311e+05	7.860254e-01 1.843785e+00 1.414290e+00	
5.628855e+05	4.517910e-01 1.708976e+00 1.414194e+00	
5.630554e+05	9.158199e-01 1.639842e+00 1.414265e+00	
5.640919e+05	4.954202e-01 1.906483e+00 1.414153e+00	
5.647219e+05	1.035180e+00 1.830805e+00 1.414254e+00	
5.697897e+05	1.151372e+00 1.969577e+00 1.414147e+00	
5.709026e+05	1.146375e+00 1.875480e+00 1.414169e+00	
5.713797e+05	6.509453e-01 1.730532e+00 1.414117e+00	
5.724961e+05	6.840051e-01 1.848345e+00 1.414338e+00	
5.747865e+05	1.218390e+00 1.843177e+00 1.414203e+00	
5.874338e+05	5.565044e-01 1.051752e+00 1.414191e+00	
5.881442e+05	6.939338e-01 1.941672e+00 1.414214e+00	
5.884714e+05	7.025876e-01 1.918641e+00 1.414160e+00	
5.885744e+05	6.094668e-01 1.863866e+00 1.414136e+00	
5.890594e+05	9.606416e-01 1.629173e+00 1.414175e+00	
5.898710e+05	7.280306e-01 1.766775e+00 1.414185e+00	
5.901414e+05	1.069833e+00 1.713029e+00 1.414178e+00	
5.907961e+05	8.217055e-01 1.543594e+00 1.414136e+00	
5.974288e+05	5.632250e-01 1.976814e+00 1.414257e+00	
6.056442e+05	9.429635e-01 1.646894e+00 1.414239e+00	
6.062324e+05	5.658441e-01 1.652576e+00 1.414303e+00	
6.071901e+05	4.484078e-01 1.855330e+00 1.414189e+00	
6.081144e+05	5.283754e-01 1.792042e+00 1.414301e+00	
6.090993e+05	6.756562e-01 1.913161e+00 1.414174e+00	
6.174555e+05	8.476311e-01 1.623038e+00 1.414267e+00	
6.251747e+05	6.208218e-01 1.233657e+00 1.414089e+00	
6.306820e+05	7.254186e-01 2.014665e+00 1.414066e+00	
6.447119e+05	6.596733e-01 1.873424e+00 1.414243e+00	
6.496298e+05	8.979834e-01 1.704968e+00 1.414126e+00	
6.503861e+05	6.130675e-01 1.846907e+00 1.414261e+00	
6.505711e+05	4.723108e-01 1.882033e+00 1.414279e+00	
6.514787e+05	6.993059e-01 1.986446e+00 1.414157e+00	
6.520208e+05	4.855298e-01 1.764755e+00 1.414303e+00	
6.555773e+05	6.647630e-01 1.968883e+00 1.414114e+00	
6.578202e+05	9.416887e-01 1.651170e+00 1.414249e+00	
6.582464e+05	9.086866e-01 1.808637e+00 1.414221e+00	
6.620793e+05	7.140801e-01 1.858217e+00 1.414129e+00	
6.644342e+05	4.905805e-01 1.903910e+00 1.414152e+00	
6.726619e+05	6.414433e-01 1.010312e+00 1.414176e+00	
6.762558e+05	9.686285e-01 1.827541e+00 1.414231e+00	
6.769145e+05	4.656241e-01 1.154325e+00 1.414281e+00	
6.792535e+05	4.400862e-01 1.464080e+00 1.414211e+00	
6.917059e+05	1.154862e+00 1.810519e+00 1.414116e+00	
6.953348e+05	4.628742e-01 1.765656e+00 1.414178e+00	
6.960603e+05	5.982224e-01 1.738309e+00 1.414178e+00	
6.971184e+05	7.381789e-01 1.936741e+00 1.414269e+00	
6.978845e+05	4.712290e-01 1.859793e+00 1.414029e+00	
6.994074e+05	5.342898e-01 1.772607e+00 1.414338e+00	
7.013242e+05	1.223071e+00 1.837026e+00 1.414297e+00	
7.026045e+05	6.606946e-01 1.609258e+00 1.414035e+00	
7.161845e+05	7.315539e-01 1.782511e+00 1.414123e+00	
7.176461e+05	6.308765e-01 1.880496e+00 1.414153e+00	
7.193953e+05	4.863818e-01 1.706415e+00 1.414160e+00	
7.195218e+05	8.137943e-01 1.513172e+00 1.414262e+00	
7.201513e+05	8.839610e-01 1.694697e+00 1.414286e+00	
7.208771e+05	5.777055e-01 1.708718e+00 1.414245e+00	
7.213020e+05	7.919393e-01 1.590432e+00 1.414247e+00	
7.218572e+05	8.841123e-01 1.458975e+00 1.414118e+00	
7.233500e+05	4.642857e-01 1.318210e+00 1.414187e+00	
7.243927e+05	7.166068e-01 1.941679e+00 1.414112e+00	
7.259987e+05	6.082215e-01 2.019596e+00 1.414261e+00	
3.645655e+03	4.590558e-01 1.835559e+00 1.414163e+00	
4.929153e+03	5.636143e-01 1.943784e+00 1.414207e+00	
5.516339e+03	5.086543e-01 1.815150e+00 1.414129e+00	
6.353080e+03	8.737984e-01 1.917409e+00 1.414154e+00	
6.482060e+03	5.252762e-01 1.859199e+00 1.414198e+00	
8.290037e+03	8.098390e-01 1.908423e+00 1.414206e+00	
9.178674e+03	7.889089e-01 1.622773e+00 1.414203e+00	
9.386333e+03	8.474790e-01 1.875498e+00 1.414217e+00	
1.027425e+04	1.089143e+00 1.969100e+00 1.414201e+00	
1.107819e+04	6.909367e-01 1.718646e+00 1.414231e+00	
1.498118e+04	7.396281e-01 1.804838e+00 1.414088e+00	
1.795388e+04	5.174141e-01 1.836582e+00 1.414056e+00	
1.984799e+04	6.660954e-01 1.615178e+00 1.414194e+00	
2.468382e+04	5.313128e-01 1.865822e+00 1.414098e+00	
2.522901e+04	5.135718e-01 1.239994e+00 1.414353e+00	
2.666557e+04	7.395560e-01 1.758459e+00 1.414299e+00	
2.701811e+04	6.648627e-01 1.813332e+00 1.414311e+00	
2.803954e+04	4.664127e-01 1.549921e+00 1.414326e+00	
2.838243e+04	1.098776e+00 1.649882e+00 1.414103e+00	
2.843766e+04	8.315945e-01 1.584527e+00 1.414185e+00	
2.864136e+04	5.414944e-01 1.934605e+00 1.414165e+00	
2.875408e+04	9.786017e-01 1.899390e+00 1.414105e+00	
2.962400e+04	7.710733e-01 1.946404e+00 1.414178e+00	
3.017462e+04	6.360728e-01 1.785322e+00 1.413998e+00	
3.340239e+04	8.682091e-01 1.634621e+00 1.414345e+00	
3.614486e+04	6.213908e-01 1.958876e+00 1.414095e+00	
3.662448e+04	5.620814e-01 1.955578e+00 1.414238e+00	
3.846753e+04	8.663683e-01 1.979025e+00 1.414080e+00	
3.887399e+04	4.830445e-01 1.075052e+00 1.414029e+00	
4.225929e+04	5.394761e-01 1.884759e+00 1.414398e+00	
4.710412e+04	7.238640e-01 1.847645e+00 1.414310e+00	
4.793180e+04	4.931301e-01 1.514298e+00 1.414273e+00	
4.936585e+04	7.868894e-01 1.672555e+00 1.414045e+00	
4.949992e+04	6.864255e-01 1.789430e+00 1.414330e+00	
5.051179e+04	5.339854e-01 1.814793e+00 1.414294e+00	
5.324280e+04	5.864716e-01 1.879511e+00 1.414145e+00	
5.428275e+04	6.029287e-01 1.577823e+00 1.414304e+00	
5.656498e+04	7.395246e-01 1.857057e+00 1.414157e+00	
5.747345e+04	8.215873e-01 1.911532e+00 1.414093e+00	
6.027182e+04	8.453879e-01 1.981301e+00 1.414159e+00	
6.067484e+04	1.027243e+00 1.568085e+00 1.414298e+00	
6.310073e+04	5.492905e-01 1.733890e+00 1.414156e+00	
6.875049e+04	5.940484e-01 1.967132e+00 1.414244e+00	
7.131171e+04	5.973147e-01 1.919678e+00 1.414204e+00	
7.153312e+04	7.038817e-01 1.750004e+00 1.414115e+00	
7.178040e+04	1.043986e+00 1.855138e+00 1.414167e+00	
7.193050e+04	4.262624e-01 1.840364e+00 1.414113e+00	
7.393776e+04	6.456897e-01 1.610304e+00 1.414125e+00	
7.596757e+04	6.322190e-01 2.046230e+00 1.414187e+00	
7.696911e+04	7.389788e-01 1.919340e+00 1.414189e+00	
8.595964e+04	7.963580e-01 1.696967e+00 1.414218e+00	
8.603733e+04	5.044878e-01 1.551631e+00 1.414170e+00	
9.182041e+04	8.282875e-01 1.811030e+00 1.414178e+00	
9.190628e+04	8.289167e-01 1.708801e+00 1.414251e+00	
9.431291e+04	8.194498e-01 1.873509e+00 1.414203e+00	
9.572871e+04	4.327412e-01 1.661460e+00 1.414213e+00	
9.901544e+04	8.067333e-01 1.611141e+00 1.414328e+00	
1.013011e+05	5.436589e-01 1.826250e+00 1.414100e+00	
1.086642e+05	4.792172e-01 1.893152e+00 1.414111e+00	
1.131239e+05	6.218082e-01 1.747969e+00 1.414218e+00	
1.154170e+05	7.862060e-01 1.481355e+00 1.414296e+00	
1.158211e+05	5.051244e-01 1.847848e+00 1.414288e+00	
1.168896e+05	7.588904e-01 1.931801e+00 1.414302e+00	
1.178379e+05	4.871087e-01 1.901336e+00 1.414312e+00	
1.193181e+05	6.920006e-01 1.808701e+00 1.414168e+00	
1.220323e+05	9.053628e-01 1.604895e+00 1.414206e+00	
1.279642e+05	6.083337e-01 1.675740e+00 1.414185e+00	
1.299569e+05	1.142053e+00 1.903282e+00 1.414221e+00	
1.348787e+05	7.590567e-01 1.945102e+00 1.414203e+00	
1.372823e+05	4.670157e-01 1.872876e+00 1.414145e+00	
1.373884e+05	5.677300e-01 1.963538e+00 1.414214e+00	
1.380627e+05	7.342264e-01 1.885831e+00 1.414194e+00	
1.390126e+05	7.616261e-01 1.928642e+00 1.414157e+00	
1.403769e+05	5.419647e-01 1.921522e+00 1.414194e+00	
1.601834e+05	6.870016e-01 1.944987e+00 1.414332e+00	
1.609028e+05	6.418071e-01 1.949585e+00 1.414196e+00	
1.612711e+05	9.711880e-01 1.836142e+00 1.414142e+00	
1.619819e+05	1.321067e+00 1.895514e+00 1.414208e+00	
1.625422e+05	8.808917e-01 1.915250e+00 1.414138e+00	
1.635818e+05	6.591803e-01 1.748160e+00 1.414298e+00	
1.675012e+05	7.991511e-01 1.968931e+00 1.414298e+00	
1.705819e+05	6.796719e-01 1.775454e+00 1.414029e+00	
1.724044e+05	3.825220e-01 1.677007e+00 1.414195e+00	
1.811408e+05	5.162336e-01 9.065488e-01 1.414071e+00	
1.835221e+05	1.580129e+00 1.843911e+00 1.414233e+00	
1.841544e+05	5.225989e-01 1.748233e+00 1.414271e+00	
1.858692e+05	9.028736e-01 1.951461e+00 1.414290e+00	
1.862713e+05	4.737433e-01 1.770188e+00 1.414009e+00	
1.891035e+05	4.636242e-01 1.541316e+00 1.414344e+00	
1.903274e+05	7.723339e-01 1.857966e+00 1.414352e+00	
1.927921e+05	7.561635e-01 1.925702e+00 1.414353e+00	
1.963354e+05	1.055785e+00 1.953755e+00 1.414159e+00	
2.006285e+05	5.423262e-01 1.899180e+00 1.414235e+00	
2.044380e+05	1.140901e+00 1.542287e+00 1.414189e+00	
2.045577e+05	4.813432e-01 1.330418e+00 1.414253e+00	
2.046028e+05	6.111991e-01 1.986948e+00 1.414280e+00	
2.065168e+05	5.816528e-01 1.359067e+00 1.414107e+00	
2.076690e+05	8.473735e-01 1.827109e+00 1.414115e+00	
2.147270e+05	4.782688e-01 1.564176e+00 1.414145e+00	
2.165077e+05	7.784493e-01 1.608582e+00 1.414152e+00	
2.185624e+05	8.902172e-01 1.835057e+00 1.414290e+00	
2.233724e+05	8.909959e-01 1.913031e+00 1.414175e+00	
2.273961e+05	4.925457e-01 9.371852e-01 1.414172e+00	
2.279569e+05	4.799420e-01 1.807774e+00 1.414127e+00	
2.292335e+05	7.275875e-01 1.821856e+00 1.414236e+00	
2.295341e+05	1.256085e+00 1.678814e+00 1.414176e+00	
2.350611e+05	4.907100e-01 1.904826e+00 1.414124e+00	
2.424307e+05	6.368199e-01 2.046177e+00 1.414382e+00	
2.435921e+05	1.376621e+00 1.661424e+00 1.414229e+00	
2.481065e+05	8.031062e-01 1.377722e+00 1.414380e+00	
2.485102e+05	5.945033e-01 1.823869e+00 1.414169e+00	
2.495732e+05	4.617775e-01 1.446555e+00 1.414097e+00	
2.495823e+05	4.960871e-01 1.789079e+00 1.414058e+00	
2.522807e+05	1.130887e+00 1.676792e+00 1.414247e+00	
2.531842e+05	5.243907e-01 1.774549e+00 1.414235e+00	
2.532942e+05	4.772217e-01 1.489196e+00 1.414087e+00	
2.626499e+05	6.278038e-01 1.538402e+00 1.414022e+00	
2.728034e+05	6.737087e-01 1.636607e+00 1.414194e+00	
2.741690e+05	6.207670e-01 2.022444e+00 1.414307e+00	
2.742770e+05	6.766614e-01 1.819915e+00 1.414083e+00	
2.758888e+05	5.438260e-01 1.944835e+00 1.414275e+00	
2.767643e+05	4.366891e-01 1.745019e+00 1.414192e+00	
2.781848e+05	4.439649e-01 1.466645e+00 1.414321e+00	
2.838056e+05	1.103743e+00 1.890704e+00 1.414257e+00	
2.922458e+05	5.639949e-01 1.716595e+00 1.414251e+00	
2.931395e+05	8.224506e-01 1.569722e+00 1.414171e+00	
2.960434e+05	9.169779e-01 1.883663e+00 1.414206e+00	
2.961113e+05	9.048088e-01 1.745998e+00 1.414221e+00	
2.984176e+05	4.981431e-01 1.830536e+00 1.414175e+00	
2.985927e+05	8.390403e-01 1.884349e+00 1.414224e+00	
3.027603e+05	1.174316e+00 1.784928e+00 1.414211e+00	
3.041951e+05	1.034768e+00 1.679764e+00 1.414195e+00	
3.179995e+05	5.728109e-01 1.797996e+00 1.414197e+00	
3.194780e+05	4.486214e-01 1.783659e+00 1.414228e+00	
3.201868e+05	5.340919e-01 1.945448e+00 1.414134e+00	
3.204734e+05	8.899123e-01 1.827925e+00 1.414212e+00	
3.215450e+05	5.204441e-01 1.863977e+00 1.414257e+00	
3.227786e+05	6.204610e-01 1.780125e+00 1.414209e+00	
3.369247e+05	4.785117e-01 1.872153e+00 1.414292e+00	
3.384716e+05	7.655558e-01 1.855768e+00 1.414188e+00	
3.387874e+05	5.088679e-01 1.070948e+00 1.414068e+00	
3.543753e+05	1.070494e+00 1.889260e+00 1.414178e+00	
3.603059e+05	7.795628e-01 1.733937e+00 1.414243e+00	
3.629044e+05	7.180464e-01 1.687133e+00 1.414214e+00	
3.686243e+05	7.890954e-01 1.691339e+00 1.414207e+00	
3.692995e+05	8.206992e-01 2.033087e+00 1.414205e+00	
3.703576e+05	6.548053e-01 1.945422e+00 1.414212e+00	
3.707449e+05	6.753465e-01 1.751938e+00 1.414216e+00	
3.712074e+05	8.733243e-01 1.936901e+00 1.414199e+00	
3.789838e+05	4.885433e-01 1.777020e+00 1.414299e+00	
3.803205e+05	6.097335e-01 1.770808e+00 1.414225e+00	
3.828348e+05	8.415717e-01 1.682832e+00 1.414114e+00	
3.846273e+05	5.206761e-01 1.656256e+00 1.414379e+00	
3.859267e+05	5.826397e-01 1.987370e+00 1.414111e+00	
3.867665e+05	5.461030e-01 1.959350e+00 1.414276e+00	
3.904917e+05	1.008438e+00 1.858276e+00 1.414308e+00	
3.924394e+05	4.982721e-01 1.826344e+00 1.414067e+00	
3.963311e+05	1.182471e+00 1.616072e+00 1.414179e+00	
4.045228e+05	4.262444e-01 1.591170e+00 1.414040e+00	
4.063366e+05	5.305749e-01 1.719319e+00 1.414173e+00	
4.070023e+05	5.713592e-01 1.824379e+00 1.414240e+00	
4.084516e+05	6.063767e-01 2.020357e+00 1.414125e+00	
4.089278e+05	7.018552e-01 1.482511e+00 1.414291e+00	
4.101647e+05	5.318424e-01 1.936407e+00 1.414145e+00	
4.104011e+05	5.034959e-01 1.908381e+00 1.414313e+00	
4.108235e+05	4.695712e-01 1.872343e+00 1.414206e+00	
4.118418e+05	6.917780e-01 1.895983e+00 1.414005e+00	
4.121537e+05	7.537770e-01 1.774003e+00 1.414183e+00	
4.132284e+05	6.984990e-01 1.785672e+00 1.414005e+00	
4.133155e+05	5.670197e-01 1.976318e+00 1.413995e+00	
4.137159e+05	7.811295e-01 1.757568e+00 1.414150e+00	
4.154380e+05	6.211717e-01 1.777869e+00 1.414136e+00	
4.179730e+05	5.114273e-01 1.775110e+00 1.414284e+00	
4.263251e+05	6.112388e-01 1.858700e+00 1.414157e+00	
4.271173e+05	5.532578e-01 1.881568e+00 1.414331e+00	
4.308323e+05	5.514510e-01 1.913755e+00 1.414139e+00	
4.312616e+05	1.007815e+00 1.835414e+00 1.414170e+00	
4.316563e+05	5.950655e-01 1.980774e+00 1.414250e+00	
4.344001e+05	1.152787e+00 1.872268e+00 1.414128e+00	
4.349953e+05	4.403969e-01 1.854564e+00 1.414185e+00	
4.407453e+05	7.786727e-01 1.900674e+00 1.414247e+00	
4.418185e+05	7.669819e-01 1.548566e+00 1.414138e+00	
4.505562e+05	6.781133e-01 1.730263e+00 1.414219e+00	
4.510631e+05	5.757425e-01 1.983460e+00 1.414219e+00	
4.513764e+05	5.205082e-01 1.824517e+00 1.414296e+00	
4.553920e+05	5.128328e-01 1.692835e+00 1.414271e+00	
4.601036e+05	6.754860e-01 1.829063e+00 1.414141e+00	
4.654590e+05	5.264761e-01 1.844260e+00 1.414228e+00	
4.699927e+05	1.028701e+00 1.802049e+00 1.414342e+00	
4.711998e+05	7.442156e-01 1.773539e+00 1.414236e+00	
4.716108e+05	5.402402e-01 1.865298e+00 1.414333e+00	
4.731647e+05	7.755939e-01 1.774728e+00 1.414099e+00	
4.746426e+05	5.287211e-01 1.894594e+00 1.414047e+00	
4.757327e+05	8.452532e-01 1.673246e+00 1.414069e+00	
4.758579e+05	1.080729e+00 1.919162e+00 1.414229e+00	
4.762163e+05	5.169570e-01 1.818287e+00 1.414162e+00	
4.763389e+05	7.726126e-01 1.815412e+00 1.414045e+00	
4.764148e+05	8.713194e-01 1.871566e+00 1.414376e+00	
4.815327e+05	6.828856e-01 1.689039e+00 1.414184e+00	
4.822139e+05	7.747980e-01 1.856842e+00 1.414375e+00	
4.922748e+05	5.758433e-01 1.423494e+00 1.414312e+00	
4.932808e+05	7.651713e-01 1.793022e+00 1.414047e+00	
4.957837e+05	4.994559e-01 1.889058e+00 1.414328e+00	
4.976359e+05	9.465935e-01 1.579864e+00 1.414358e+00	
5.014419e+05	8.160268e-01 1.710341e+00 1.414153e+00	
5.093760e+05	7.894521e-01 1.764451e+00 1.414167e+00	
5.143437e+05	5.078876e-01 1.842426e+00 1.414144e+00	
5.180387e+05	5.601437e-01 1.870850e+00 1.414172e+00	
5.199317e+05	1.085372e+00 1.934322e+00 1.414191e+00	
5.205666e+05	6.267563e-01 1.372858e+00 1.414176e+00	
5.300199e+05	1.020878e+00 1.645690e+00 1.414177e+00	
5.399247e+05	7.257077e-01 1.828921e+00 1.414070e+00	
5.411301e+05	5.650196e-01 1.833118e+00 1.414219e+00	
5.422846e+05	5.039189e-01 1.686890e+00 1.414154e+00	
5.423128e+05	8.055562e-01 1.783185e+00 1.414275e+00	
5.445975e+05	6.172865e-01 1.869487e+00 1.414315e+00	
5.450442e+05	4.912510e-01 1.545128e+00 1.414342e+00	
5.459415e+05	5.746395e-01 1.932293e+00 1.414114e+00	
5.466422e+05	5.112575e-01 1.924186e+00 1.414116e+00	
5.485561e+05	5.958857e-01 1.650730e+00 1.414087e+00	
5.530229e+05	8.005333e-01 2.001248e+00 1.414215e+00	
5.552481e+05	7.651796e-01 1.851939e+00 1.414187e+00	
5.587073e+05	4.992161e-01 1.898776e+00 1.414179e+00	
5.603164e+05	7.967403e-01 1.748145e+00 1.414194e+00	
5.613258e+05	6.284753e-01 1.982562e+00 1.414294e+00	
5.614879e+05	6.577833e-01 1.819210e+00 1.414139e+00	
5.633108e+05	7.259881e-01 1.740010e+00 1.414094e+00	
5.634193e+05	4.917119e-01 1.740627e+00 1.414187e+00	
5.634347e+05	7.117876e-01 1.847865e+00 1.414134e+00	
5.662081e+05	5.953988e-01 1.499872e+00 1.414143e+00	
5.662440e+05	9.566344e-01 1.916228e+00 1.414268e+00	
5.724433e+05	9.599966e-01 1.632955e+00 1.414156e+00	
5.829863e+05	7.194156e-01 1.893816e+00 1.414132e+00	
5.842026e+05	6.137117e-01 1.904163e+00 1.414178e+00	
5.855061e+05	5.485152e-01 1.775293e+00 1.414199e+00	
5.861783e+05	5.612938e-01 9.833112e-01 1.414201e+00	
5.864841e+05	6.993679e-01 1.954075e+00 1.414180e+00	
5.872358e+05	7.027859e-01 1.703115e+00 1.414210e+00	
5.879000e+05	7.031502e-01 1.816630e+00 1.414144e+00	
5.885610e+05	4.761375e-01 1.443198e+00 1.414179e+00	
5.927618e+05	4.795633e-01 1.797305e+00 1.414203e+00	
5.985785e+05	9.555298e-01 1.707947e+00 1.414097e+00	
6.032680e+05	1.069945e+00 1.833594e+00 1.414259e+00	
6.053149e+05	4.630779e-01 1.715263e+00 1.414063e+00	
6.054811e+05	4.751180e-01 1.831568e+00 1.414349e+00	
6.066452e+05	7.355278e-01 1.969408e+00 1.414090e+00	
6.083137e+05	6.962016e-01 1.523564e+00 1.414180e+00	
6.098611e+05	8.825066e-01 1.968851e+00 1.414240e+00	
6.100742e+05	4.782379e-01 1.827365e+00 1.414130e+00	
6.100864e+05	5.457963e-01 1.730981e+00 1.414197e+00	
6.123923e+05	6.145628e-01 1.454069e+00 1.414314e+00	
6.128289e+05	8.839803e-01 1.920869e+00 1.414189e+00	
6.145243e+05	7.775123e-01 1.680021e+00 1.414081e+00	
6.168379e+05	7.396063e-01 1.520418e+00 1.414143e+00	
6.182802e+05	7.064078e-01 1.721851e+00 1.414087e+00	
6.250138e+05	1.302514e+00 1.798621e+00 1.414334e+00	
6.266558e+05	1.815510e+00 1.879208e+00 1.414294e+00	
6.306810e+05	5.415417e-01 1.945770e+00 1.414316e+00	
6.314632e+05	5.649987e-01 1.418260e+00 1.414312e+00	
6.351882e+05	9.646345e-01 1.887480e+00 1.414231e+00	
6.352754e+05	4.975665e-01 1.747761e+00 1.414249e+00	
6.406420e+05	8.304256e-01 1.754909e+00 1.414335e+00	
6.498752e+05	9.221592e-01 1.670720e+00 1.414113e+00	
6.506805e+05	1.108389e+00 1.910846e+00 1.414076e+00	
6.511276e+05	5.111532e-01 1.620806e+00 1.414276e+00	
6.514525e+05	7.985404e-01 1.808400e+00 1.414259e+00	
6.536195e+05	5.010055e-01 1.716092e+00 1.414244e+00	
6.578036e+05	5.628314e-01 1.643702e+00 1.414200e+00	
6.594218e+05	6.538038e-01 2.015014e+00 1.414227e+00	
6.600366e+05	6.685937e-01 1.792158e+00 1.414219e+00	
6.628631e+05	9.082647e-01 1.831876e+00 1.414248e+00	
6.629373e+05	5.579074e-01 1.581050e+00 1.414198e+00	
6.663410e+05	5.698885e-01 1.975918e+00 1.414215e+00	
6.727131e+05	9.007486e-01 1.950731e+00 1.414138e+00	
6.733594e+05	1.350458e+00 1.903980e+00 1.414194e+00	
6.736608e+05	6.191797e-01 1.912910e+00 1.414274e+00	
6.744306e+05	6.580290e-01 1.659773e+00 1.414171e+00	
6.751014e+05	8.376477e-01 1.970827e+00 1.414265e+00	
6.795934e+05	1.012821e+00 1.975421e+00 1.414113e+00	
6.802669e+05	7.295155e-01 1.781815e+00 1.414231e+00	
6.832262e+05	6.970739e-01 1.964619e+00 1.414172e+00	
6.877393e+05	8.513073e-01 1.896532e+00 1.414285e+00	
6.897302e+05	1.141570e+00 1.877858e+00 1.414036e+00	
6.964316e+05	6.525731e-01 1.842019e+00 1.414262e+00	
6.983509e+05	6.196551e-01 1.818939e+00 1.414347e+00	
7.040479e+05	5.287219e-01 1.832136e+00 1.414269e+00	
7.086062e+05	7.478693e-01 1.860912e+00 1.414131e+00	
7.148758e+05	6.743262e-01 1.914509e+00 1.414338e+00	
7.163452e+05	7.269857e-01 2.024137e+00 1.414162e+00	
7.190111e+05	8.833512e-01 1.824392e+00 1.414320e+00	
7.193845e+05	4.543384e-01 1.078638e+00 1.414280e+00	
7.201859e+05	5.926478e-01 1.543943e+00 1.414031e+00	
7.203303e+05	7.866000e-01 1.727817e+00 1.414096e+00	
7.203920e+05	7.907061e-01 1.716745e+00 1.414112e+00	
7.203934e+05	8.349169e-01 1.700653e+00 1.414129e+00	
7.211466e+05	7.110434e-01 1.850376e+00 1.414179e+00	
7.216869e+05	7.257036e-01 1.663319e+00 1.414079e+00	
7.222086e+05	5.437851e-01 1.770017e+00 1.414326e+00	
7.235532e+05	6.996644e-01 1.651871e+00 1.414347e+00	
7.253498e+05	1.282296e+00 1.953688e+00 1.414169e+00	
7.263116e+05	5.974507e-01 1.953375e+00 1.414208e+00	
7.271949e+05	5.030795e-01 1.900598e+00 1.414198e+00	
1.268645e+03	5.352110e-01 1.795840e+00 1.414199e+00	
1.308588e+03	5.320188e-01 1.944058e+00 1.414151e+00	
1.515737e+03	8.426031e-01 1.609640e+00 1.414249e+00	
2.601734e+03	5.701458e-01 1.640313e+00 1.414239e+00	
3.084529e+03	8.010234e-01 1.741061e+00 1.414241e+00	
3.248653e+03	1.190775e+00 1.849857e+00 1.414249e+00	
3.638592e+03	7.360074e-01 1.653557e+00 1.414167e+00	
3.756826e+03	1.232277e+00 1.926831e+00 1.414229e+00	
4.710177e+03	9.561312e-01 1.615732e+00 1.414217e+00	
4.722180e+03	8.694660e-01 1.696575e+00 1.414147e+00	
4.797262e+03	1.026060e+00 1.835984e+00 1.414175e+00	
4.949636e+03	7.121347e-01 1.741747e+00 1.414150e+00	
5.235856e+03	1.278511e+00 1.508206e+00 1.414198e+00	
5.669913e+03	4.718639e-01 1.861482e+00 1.414283e+00	
6.385469e+03	1.472804e+00 1.731086e+00 1.414210e+00	
6.482242e+03	5.155868e-01 1.926990e+00 1.414224e+00	
7.210111e+03	5.923642e-01 1.710023e+00 1.414145e+00	
7.747358e+03	7.044137e-01 1.540918e+00 1.414217e+00	
7.882029e+03	8.629618e-01 1.686037e+00 1.414213e+00	
1.107829e+04	1.118569e+00 1.826211e+00 1.414169e+00	
1.240697e+04	9.384074e-01 2.002867e+00 1.414326e+00	
1.732099e+04	1.090586e+00 1.682751e+00 1.414074e+00	
1.819127e+04	1.305640e+00 1.867021e+00 1.414216e+00	
1.899937e+04	5.969293e-01 1.505313e+00 1.414314e+00	
1.904232e+04	7.094228e-01 1.797808e+00 1.414134e+00	
2.456267e+04	6.119845e-01 1.721733e+00 1.414154e+00	
2.539781e+04	4.492559e-01 1.643358e+00 1.414280e+00	
2.622540e+04	4.242850e-01 1.589729e+00 1.414112e+00	
2.714490e+04	8.854709e-01 1.665149e+00 1.414103e+00	
2.881749e+04	5.709961e-01 1.441584e+00 1.414300e+00	
2.919688e+04	7.126350e-01 1.777475e+00 1.414316e+00	
2.975084e+04	5.503965e-01 1.859862e+00 1.414227e+00	
3.071335e+04	5.288064e-01 1.872260e+00 1.414131e+00	
3.224916e+04	1.090175e+00 2.002942e+00 1.414033e+00	
3.273352e+04	6.557952e-01 2.019756e+00 1.414387e+00	
3.410498e+04	8.670373e-01 1.672243e+00 1.414195e+00	
3.523236e+04	7.832087e-01 1.614540e+00 1.414328e+00	
3.535227e+04	4.961070e-01 1.908607e+00 1.414176e+00	
3.640935e+04	6.133443e-01 2.024970e+00 1.414089e+00	
3.644934e+04	7.602203e-01 1.940449e+00 1.414077e+00	
3.858536e+04	6.859156e-01 1.880264e+00 1.414333e+00	
3.990337e+04	7.518773e-01 1.283344e+00 1.414120e+00	
4.534582e+04	9.545628e-01 1.737344e+00 1.414098e+00	
4.706627e+04	7.799164e-01 1.614273e+00 1.414061e+00	
4.954874e+04	4.940802e-01 1.819345e+00 1.414202e+00	
5.038747e+04	6.895816e-01 1.175753e+00 1.414033e+00	
5.058558e+04	4.974431e-01 1.000459e+00 1.414115e+00	
5.298188e+04	5.181434e-01 1.750012e+00 1.414135e+00	
6.089829e+04	5.170189e-01 1.832924e+00 1.414252e+00	
6.960155e+04	1.273575e+00 1.922042e+00 1.414198e+00	
6.983590e+04	5.909406e-01 1.650949e+00 1.414175e+00	
7.113547e+04	5.831476e-01 1.613001e+00 1.414171e+00	
7.135658e+04	6.124092e-01 1.646128e+00 1.414208e+00	
7.206260e+04	5.416064e-01 1.932056e+00 1.414206e+00	
7.235730e+04	6.079849e-01 1.744775e+00 1.414193e+00	
7.279042e+04	7.660329e-01 1.868799e+00 1.414223e+00	
7.385232e+04	6.995647e-01 1.831767e+00 1.414244e+00	
7.405545e+04	5.368161e-01 1.793630e+00 1.414168e+00	
7.512536e+04	4.900771e-01 1.831148e+00 1.414195e+00	
7.555699e+04	5.188445e-01 1.930865e+00 1.414152e+00	
7.717290e+04	8.658791e-01 2.004691e+00 1.414185e+00	
8.491931e+04	6.630411e-01 1.724146e+00 1.414209e+00	
9.243902e+04	9.186027e-01 1.695463e+00 1.414238e+00	
9.276762e+04	6.805266e-01 1.876966e+00 1.414139e+00	
9.323940e+04	6.779966e-01 1.602998e+00 1.414237e+00	
9.351794e+04	5.979052e-01 1.795430e+00 1.414281e+00	
9.357175e+04	6.688483e-01 1.950993e+00 1.414166e+00	
9.531447e+04	9.170963e-01 1.643304e+00 1.414063e+00	
9.633064e+04	5.632421e-01 1.923731e+00 1.414316e+00	
9.639906e+04	6.508351e-01 1.973170e+00 1.414247e+00	
9.678398e+04	6.600103e-01 1.032199e+00 1.414148e+00	
9.792414e+04	7.473468e-01 1.756223e+00 1.414090e+00	
9.812627e+04	8.506526e-01 1.954165e+00 1.414178e+00	
9.872758e+04	6.190787e-01 1.910488e+00 1.414188e+00	
9.894895e+04	8.926527e-01 1.683877e+00 1.414171e+00	
9.910303e+04	6.163108e-01 1.839813e+00 1.414090e+00	
1.050050e+05	5.845655e-01 1.915508e+00 1.414354e+00	
1.146397e+05	4.640568e-01 1.712840e+00 1.414083e+00	
1.155266e+05	1.118815e+00 1.688071e+00 1.414305e+00	
1.156776e+05	6.727990e-01 1.688148e+00 1.414287e+00	
1.172432e+05	7.130464e-01 1.950633e+00 1.414135e+00	
1.173993e+05	6.901716e-01 1.869849e+00 1.414111e+00	
1.203546e+05	5.657163e-01 1.977816e+00 1.414192e+00	
1.224825e+05	9.408621e-01 1.690013e+00 1.414083e+00	
1.275945e+05	4.812546e-01 1.883163e+00 1.414282e+00	
1.299833e+05	5.917937e-01 1.774909e+00 1.414223e+00	
1.325937e+05	8.619430e-01 1.520738e+00 1.414233e+00	
1.376627e+05	7.384624e-01 1.179971e+00 1.414214e+00	
1.377608e+05	6.018147e-01 1.701419e+00 1.414133e+00	
1.381544e+05	1.112152e+00 1.885730e+00 1.414177e+00	
1.393068e+05	5.604506e-01 1.198911e+00 1.414230e+00	
1.401832e+05	5.034464e-01 1.818359e+00 1.414153e+00	
1.411060e+05	5.512721e-01 1.663446e+00 1.414148e+00	
1.428980e+05	6.350630e-01 1.375708e+00 1.414142e+00	
1.429364e+05	7.102438e-01 1.757046e+00 1.414170e+00	
1.451682e+05	1.192423e+00 1.852176e+00 1.414197e+00	
1.452065e+05	1.214167e+00 1.838984e+00 1.414196e+00	
1.485509e+05	5.232916e-01 1.366794e+00 1.414189e+00	
1.499457e+05	5.121595e-01 1.788197e+00 1.414221e+00	
1.596818e+05	6.555984e-01 1.709299e+00 1.414269e+00	
1.613301e+05	8.423311e-01 1.469066e+00 1.414156e+00	
1.624537e+05	4.723764e-01 1.837685e+00 1.414299e+00	
1.655921e+05	8.748195e-01 1.776867e+00 1.414118e+00	
1.665291e+05	1.018345e+00 1.921531e+00 1.414241e+00	
1.705637e+05	9.046739e-01 1.914826e+00 1.414246e+00	
1.709104e+05	4.722403e-01 1.478235e+00 1.414024e+00	
1.712385e+05	1.116096e+00 1.874120e+00 1.414101e+00	
1.820608e+05	4.846844e-01 1.898614e+00 1.414290e+00	
1.823894e+05	4.691018e-01 1.882233e+00 1.414361e+00	
1.838551e+05	5.817085e-01 1.791594e+00 1.414085e+00	
1.848683e+05	5.480177e-01 1.848054e+00 1.414251e+00	
1.875664e+05	1.174412e+00 1.811297e+00 1.414052e+00	
1.888575e+05	7.331475e-01 1.752321e+00 1.414049e+00	
1.893462e+05	4.577345e-01 1.869456e+00 1.414184e+00	
1.937716e+05	8.483453e-01 1.895276e+00 1.414171e+00	
1.948977e+05	5.292839e-01 1.941481e+00 1.414057e+00	
1.977361e+05	7.892030e-01 1.904065e+00 1.414051e+00	
2.005752e+05	1.402928e+00 1.912153e+00 1.414228e+00	
2.036093e+05	8.355810e-01 1.673791e+00 1.414291e+00	
2.049492e+05	5.728638e-01 1.763798e+00 1.414049e+00	
2.058232e+05	4.765620e-01 1.878311e+00 1.414329e+00	
2.062443e+05	9.436184e-01 1.706597e+00 1.414135e+00	
2.067542e+05	4.680759e-01 1.850172e+00 1.414333e+00	
2.068549e+05	6.387568e-01 1.923966e+00 1.414135e+00	
2.072329e+05	4.641210e-01 1.878378e+00 1.414271e+00	
2.090581e+05	6.447762e-01 1.946518e+00 1.414175e+00	
2.099035e+05	8.535841e-01 2.016952e+00 1.414178e+00	
2.111029e+05	9.653062e-01 1.914380e+00 1.414187e+00	
2.120932e+05	4.620303e-01 1.864982e+00 1.414146e+00	
2.168209e+05	8.142199e-01 1.499171e+00 1.414220e+00	
2.224058e+05	8.187596e-01 1.640189e+00 1.414183e+00	
2.237941e+05	7.264962e-01 1.536173e+00 1.414151e+00	
2.287198e+05	7.366643e-01 1.794480e+00 1.414129e+00	
2.291533e+05	1.168390e+00 1.757446e+00 1.414236e+00	
2.295344e+05	7.670924e-01 1.925323e+00 1.414241e+00	
2.298759e+05	8.762731e-01 1.949312e+00 1.414267e+00	
2.307121e+05	1.099246e+00 1.821857e+00 1.414191e+00	
2.312098e+05	7.063087e-01 1.938192e+00 1.414285e+00	
2.314491e+05	6.727295e-01 1.926125e+00 1.414120e+00	
2.377388e+05	4.788187e-01 1.892463e+00 1.414115e+00	
2.413074e+05	6.921378e-01 1.542238e+00 1.414306e+00	
2.474332e+05	4.793918e-01 1.858505e+00 1.414107e+00	
2.482149e+05	5.889160e-01 1.968920e+00 1.414079e+00	
2.482596e+05	4.736049e-01 1.849201e+00 1.414227e+00	
2.484538e+05	5.161165e-01 1.886978e+00 1.414276e+00	
2.487026e+05	6.233073e-01 1.863414e+00 1.414300e+00	
2.489396e+05	7.558125e-01 1.729884e+00 1.414316e+00	
2.489519e+05	4.908717e-01 1.897908e+00 1.414130e+00	
2.498235e+05	7.056487e-01 2.012556e+00 1.414319e+00	
2.511205e+05	5.766163e-01 1.913517e+00 1.414260e+00	
2.519468e+05	1.143792e+00 1.755135e+00 1.414226e+00	
2.533969e+05	5.018033e-01 1.915807e+00 1.414098e+00	
2.568587e+05	1.022934e+00 1.638736e+00 1.414034e+00	
2.580466e+05	7.556639e-01 1.952341e+00 1.414353e+00	
2.702660e+05	6.617909e-01 1.980384e+00 1.414311e+00	
2.709356e+05	6.642344e-01 1.496965e+00 1.414128e+00	
2.737936e+05	6.293338e-01 1.979799e+00 1.414340e+00	
2.747532e+05	4.909320e-01 1.807166e+00 1.414282e+00	
2.765582e+05	7.832532e-01 1.959398e+00 1.414025e+00	
2.767119e+05	8.402333e-01 1.868421e+00 1.414053e+00	
2.823015e+05	8.413729e-01 1.816080e+00 1.414279e+00	
2.826913e+05	1.230371e+00 1.831193e+00 1.414200e+00	
2.891612e+05	7.497571e-01 1.791274e+00 1.414252e+00	
2.911063e+05	9.072612e-01 2.038337e+00 1.414159e+00	
2.931045e+05	5.664060e-01 1.675020e+00 1.414241e+00	
2.940262e+05	6.330114e-01 1.694126e+00 1.414218e+00	
2.957369e+05	7.219821e-01 1.574369e+00 1.414227e+00	
2.969760e+05	9.694051e-01 1.823664e+00 1.414203e+00	
3.036777e+05	5.180497e-01 1.887072e+00 1.414143e+00	
3.121470e+05	6.019670e-01 1.781767e+00 1.414296e+00	
3.161333e+05	7.997756e-01 1.786977e+00 1.414205e+00	
3.169327e+05	1.210730e+00 1.946980e+00 1.414114e+00	
3.174818e+05	6.913754e-01 1.908089e+00 1.414230e+00	
3.178906e+05	7.105471e-01 1.864242e+00 1.414182e+00	
3.185225e+05	1.088165e+00 1.671253e+00 1.414325e+00	
3.206159e+05	4.796153e-01 1.891611e+00 1.414164e+00	
3.223680e+05	5.262618e-01 1.659560e+00 1.414097e+00	
3.260549e+05	6.731449e-01 1.443192e+00 1.414093e+00	
3.278681e+05	5.422639e-01 8.818301e-01 1.414175e+00	
3.289821e+05	5.134146e-01 1.906277e+00 1.414285e+00	
3.377520e+05	5.055742e-01 1.800231e+00 1.414247e+00	
3.379325e+05	5.717010e-01 1.962023e+00 1.414329e+00	
3.390244e+05	4.643795e-01 1.868451e+00 1.414113e+00	
3.394545e+05	5.116675e-01 1.923248e+00 1.414071e+00	
3.396206e+05	5.324793e-01 1.917042e+00 1.414224e+00	
3.406376e+05	4.952956e-01 1.448571e+00 1.414149e+00	
3.464235e+05	5.619220e-01 1.460150e+00 1.414343e+00	
3.470703e+05	8.437398e-01 1.836717e+00 1.414120e+00	
3.486313e+05	5.997901e-01 1.989484e+00 1.414191e+00	
3.543423e+05	5.754852e-01 1.988118e+00 1.414305e+00	
3.570808e+05	1.434389e+00 1.993853e+00 1.414188e+00	
3.607102e+05	6.804505e-01 1.821969e+00 1.414206e+00	
3.612162e+05	5.793900e-01 1.888917e+00 1.414191e+00	
3.624562e+05	1.016216e+00 1.563746e+00 1.414204e+00	
3.629839e+05	5.923871e-01 1.616197e+00 1.414200e+00	
3.630709e+05	6.660655e-01 1.623924e+00 1.414181e+00	
3.633052e+05	7.879526e-01 1.617180e+00 1.414213e+00	
3.642913e+05	5.792188e-01 1.662371e+00 1.414239e+00	
3.643522e+05	4.691831e-01 1.581548e+00 1.414240e+00	
3.646368e+05	1.041568e+00 1.925345e+00 1.414243e+00	
3.647303e+05	5.279007e-01 1.742035e+00 1.414269e+00	
3.664653e+05	5.356226e-01 1.940700e+00 1.414157e+00	
3.672717e+05	7.728334e-01 1.697463e+00 1.414211e+00	
3.686921e+05	7.916941e-01 1.674682e+00 1.414272e+00	
3.718950e+05	6.375177e-01 1.860747e+00 1.414229e+00	
3.761609e+05	4.780182e-01 1.776751e+00 1.414249e+00	
3.762091e+05	1.178658e+00 1.686516e+00 1.414207e+00	
3.830759e+05	4.800302e-01 1.710362e+00 1.414293e+00	
3.844284e+05	6.982093e-01 1.838062e+00 1.414040e+00	
3.860095e+05	9.623848e-01 1.795150e+00 1.414170e+00	
3.865503e+05	7.786357e-01 1.810628e+00 1.414095e+00	
3.872156e+05	5.839560e-01 1.830207e+00 1.414306e+00	
3.875237e+05	1.205111e+00 1.714442e+00 1.414212e+00	
3.914115e+05	1.014918e+00 1.638013e+00 1.414071e+00	
3.932861e+05	1.288904e+00 1.934222e+00 1.414234e+00	
4.085570e+05	7.340503e-01 1.805780e+00 1.414328e+00	
4.086240e+05	4.967842e-01 1.903087e+00 1.414026e+00	
4.103169e+05	1.256955e+00 1.867138e+00 1.414034e+00	
4.112481e+05	8.714719e-01 1.753365e+00 1.414015e+00	
4.119807e+05	5.685214e-01 1.879953e+00 1.414029e+00	
4.120541e+05	9.580069e-01 1.792468e+00 1.414195e+00	
4.125364e+05	5.172460e-01 1.931251e+00 1.414326e+00	
4.134748e+05	7.072350e-01 1.838230e+00 1.414010e+00	
4.147501e+05	6.204301e-01 2.002915e+00 1.414043e+00	
4.154852e+05	6.326675e-01 1.853200e+00 1.414283e+00	
4.177572e+05	7.973987e-01 2.022552e+00 1.414051e+00	
4.273403e+05	4.690330e-01 1.769747e+00 1.414188e+00	
4.286747e+05	5.662949e-01 1.916084e+00 1.414203e+00	
4.290901e+05	4.711890e-01 1.870952e+00 1.414156e+00	
4.291449e+05	8.922014e-01 1.786309e+00 1.414199e+00	
4.317786e+05	6.897509e-01 1.821354e+00 1.414210e+00	
4.532636e+05	4.870936e-01 1.880589e+00 1.414143e+00	
4.546880e+05	5.819567e-01 1.880340e+00 1.414229e+00	
4.558026e+05	7.689666e-01 1.776434e+00 1.414098e+00	
4.572245e+05	5.819997e-01 1.459354e+00 1.414087e+00	
4.593411e+05	5.519820e-01 1.963736e+00 1.414234e+00	
4.615968e+05	6.184693e-01 2.011558e+00 1.414116e+00	
4.677674e+05	1.058366e+00 1.938068e+00 1.414079e+00	
4.709523e+05	8.781031e-01 1.661349e+00 1.414372e+00	
4.719374e+05	5.745358e-01 1.121234e+00 1.414093e+00	
4.724834e+05	5.915043e-01 1.808021e+00 1.414054e+00	
4.725065e+05	5.897923e-01 1.682890e+00 1.414016e+00	
4.741582e+05	7.822193e-01 1.810340e+00 1.414146e+00	
4.747483e+05	5.367180e-01 1.947821e+00 1.414131e+00	
4.761950e+05	5.501173e-01 1.687605e+00 1.414361e+00	
4.780419e+05	9.178646e-01 1.697086e+00 1.414422e+00	
4.793113e+05	4.162243e-01 1.801578e+00 1.414120e+00	
4.802915e+05	9.769342e-01 2.011367e+00 1.414312e+00	
4.814426e+05	5.473976e-01 1.959776e+00 1.414119e+00	
4.926734e+05	5.190967e-01 1.912428e+00 1.414051e+00	
4.956755e+05	8.693523e-01 1.944093e+00 1.414354e+00	
4.979233e+05	7.574954e-01 1.740616e+00 1.414358e+00	
4.980989e+05	4.368337e-01 1.837643e+00 1.414080e+00	
4.982748e+05	5.727493e-01 1.711277e+00 1.414301e+00	
4.991272e+05	8.164264e-01 1.750713e+00 1.414098e+00	
4.994651e+05	7.356315e-01 1.797870e+00 1.414034e+00	
5.000970e+05	8.282166e-01 1.646279e+00 1.414286e+00	
5.002803e+05	7.662610e-01 2.053185e+00 1.414211e+00	
5.004983e+05	4.385279e-01 1.737016e+00 1.414180e+00	
5.041180e+05	1.670930e+00 1.840087e+00 1.414134e+00	
5.051915e+05	5.553792e-01 1.954884e+00 1.414354e+00	
5.162429e+05	5.856012e-01 1.787002e+00 1.414249e+00	
5.168614e+05	6.454114e-01 1.990029e+00 1.414212e+00	
5.181342e+05	6.509834e-01 1.572365e+00 1.414207e+00	
5.181704e+05	5.880136e-01 1.888547e+00 1.414258e+00	
5.182722e+05	8.255140e-01 1.672964e+00 1.414209e+00	
5.193647e+05	9.148080e-01 1.693553e+00 1.414140e+00	
5.235750e+05	5.657474e-01 1.917093e+00 1.414197e+00	
5.236821e+05	7.314941e-01 1.985816e+00 1.414185e+00	
5.253592e+05	6.326821e-01 2.032715e+00 1.414137e+00	
5.363799e+05	6.391503e-01 1.998521e+00 1.414202e+00	
5.408314e+05	4.967535e-01 1.903080e+00 1.414080e+00	
5.463775e+05	5.494660e-01 1.960684e+00 1.414233e+00	
5.483153e+05	8.486774e-01 1.773400e+00 1.414179e+00	
5.612534e+05	5.548338e-01 1.967813e+00 1.414142e+00	
5.642943e+05	1.212801e+00 1.798646e+00 1.414213e+00	
5.689253e+05	5.465487e-01 1.370756e+00 1.414216e+00	
5.701414e+05	7.765682e-01 1.879249e+00 1.414275e+00	
5.715656e+05	8.002626e-01 1.630726e+00 1.414275e+00	
5.824613e+05	1.159966e+00 1.774840e+00 1.414269e+00	
5.862593e+05	6.626993e-01 1.869158e+00 1.414219e+00	
5.862968e+05	6.597649e-01 1.771068e+00 1.414214e+00	
5.866761e+05	8.499584e-01 1.712910e+00 1.414185e+00	
5.870864e+05	7.591646e-01 1.634548e+00 1.414206e+00	
5.897436e+05	6.789288e-01 1.998265e+00 1.414200e+00	
5.902887e+05	9.003226e-01 1.586789e+00 1.414235e+00	
5.933717e+05	1.086476e+00 1.867658e+00 1.414211e+00	
5.979835e+05	6.044471e-01 1.838864e+00 1.414170e+00	
5.980072e+05	5.671579e-01 1.978969e+00 1.414171e+00	
6.047004e+05	9.667602e-01 1.933521e+00 1.414274e+00	
6.076993e+05	7.665240e-01 1.967369e+00 1.414185e+00	
6.078015e+05	9.166721e-01 1.879106e+00 1.414229e+00	
6.111282e+05	6.269380e-01 1.761300e+00 1.414286e+00	
6.114408e+05	4.781921e-01 1.023349e+00 1.414091e+00	
6.141287e+05	6.735604e-01 1.326088e+00 1.414022e+00	
6.153632e+05	8.681947e-01 1.730170e+00 1.414321e+00	
6.154471e+05	8.421745e-01 1.712954e+00 1.414174e+00	
6.154938e+05	7.181345e-01 1.939158e+00 1.414349e+00	
6.210560e+05	5.409601e-01 1.645673e+00 1.414182e+00	
6.271603e+05	6.210586e-01 1.798117e+00 1.414368e+00	
6.284427e+05	5.844754e-01 1.786276e+00 1.414125e+00	
6.294727e+05	5.073702e-01 1.662939e+00 1.414096e+00	
6.294823e+05	1.046225e+00 1.702295e+00 1.414125e+00	
6.295405e+05	1.560463e+00 1.819388e+00 1.414013e+00	
6.300540e+05	6.111437e-01 1.852205e+00 1.413981e+00	
6.303166e+05	5.105731e-01 1.813585e+00 1.414028e+00	
6.314153e+05	7.564411e-01 1.535469e+00 1.414130e+00	
6.319181e+05	8.023820e-01 1.949387e+00 1.414168e+00	
6.325915e+05	6.638816e-01 1.570951e+00 1.414133e+00	
6.353333e+05	6.258236e-01 1.420072e+00 1.414314e+00	
6.361598e+05	6.018525e-01 2.004983e+00 1.414358e+00	
6.373743e+05	5.456370e-01 1.821528e+00 1.414391e+00	
6.384081e+05	5.044984e-01 1.494431e+00 1.414316e+00	
6.402623e+05	1.030187e+00 1.920409e+00 1.414196e+00	
6.421269e+05	6.265883e-01 1.907371e+00 1.414163e+00	
6.433976e+05	1.205395e+00 1.917046e+00 1.414327e+00	
6.513814e+05	8.442391e-01 1.761301e+00 1.414271e+00	
6.550049e+05	1.071692e+00 1.670545e+00 1.414111e+00	
6.603118e+05	9.039643e-01 1.578099e+00 1.414155e+00	
6.618905e+05	5.633144e-01 1.796121e+00 1.414203e+00	
6.645155e+05	5.291052e-01 1.927252e+00 1.414170e+00	
6.755797e+05	8.098964e-01 1.836069e+00 1.414112e+00	
6.765561e+05	7.580048e-01 1.868650e+00 1.414329e+00	
6.773466e+05	9.953631e-01 1.861074e+00 1.414121e+00	
6.782706e+05	7.018390e-01 1.745397e+00 1.414243e+00	
6.785387e+05	4.744181e-01 1.659846e+00 1.414254e+00	
6.800837e+05	1.009002e+00 1.475458e+00 1.414271e+00	
6.811356e+05	6.051615e-01 2.015658e+00 1.414278e+00	
6.817074e+05	7.526283e-01 1.702028e+00 1.414152e+00	
6.968824e+05	4.707196e-01 1.822634e+00 1.414083e+00	
6.977403e+05	5.632294e-01 1.527875e+00 1.414157e+00	
6.990373e+05	7.560773e-01 1.914242e+00 1.414211e+00	
6.992781e+05	6.597138e-01 2.008931e+00 1.414170e+00	
7.017078e+05	6.525268e-01 2.014660e+00 1.414265e+00	
7.020893e+05	1.052887e+00 1.736916e+00 1.414321e+00	
7.030727e+05	5.487442e-01 1.870134e+00 1.414009e+00	
7.036477e+05	1.735972e+00 1.819049e+00 1.414316e+00	
7.074036e+05	5.751446e-01 1.988757e+00 1.414011e+00	
7.119786e+05	7.773501e-01 1.999255e+00 1.414284e+00	
7.193675e+05	8.111444e-01 1.737715e+00 1.414134e+00	
7.194668e+05	7.224463e-01 1.811823e+00 1.414026e+00	
7.199737e+05	5.375443e-01 1.944676e+00 1.414273e+00	
7.200136e+05	4.637803e-01 1.876560e+00 1.414192e+00	
7.231434e+05	5.467421e-01 1.422285e+00 1.414090e+00	
7.234790e+05	1.078142e+00 1.651306e+00 1.414220e+00	
7.238553e+05	6.869925e-01 1.898602e+00 1.414368e+00	
7.251534e+05	1.467446e+00 1.576104e+00 1.414179e+00	
7.254939e+05	7.075842e-01 1.633051e+00 1.414053e+00	
7.259416e+05	5.218763e-01 1.894114e+00 1.414304e+00	
7.351090e+05	7.945535e-01 1.984135e+00 1.414111e+00	
7.355857e+05	4.839117e-01 1.766125e+00 1.414141e+00	
