1.969354e+04	7.690887e-01 1.664266e+00 1.363977e+00	
5.168826e+04	1.306922e+00 1.838336e+00 1.363976e+00	
5.442265e+04	6.122978e-01 1.745199e+00 1.363976e+00	
1.025567e+05	7.874579e-01 1.695633e+00 1.363987e+00	
1.073356e+05	4.709541e-01 1.783543e+00 1.363996e+00	
1.232965e+05	1.267253e+00 1.795054e+00 1.364002e+00	
1.247156e+05	6.196439e-01 9.857474e-01 1.363978e+00	
1.258264e+05	7.800750e-01 1.351609e+00 1.363971e+00	
1.415486e+05	9.354007e-01 1.927038e+00 1.363987e+00	
1.563925e+05	9.625518e-01 1.697225e+00 1.363988e+00	
6.275174e+04	5.940579e-01 1.915681e+00 1.363969e+00	
6.968735e+04	9.874941e-01 1.375570e+00 1.363972e+00	
1.616227e+05	6.251019e-01 1.486058e+00 1.363996e+00	
1.623955e+05	5.665532e-01 1.916568e+00 1.363969e+00	
7.307640e+04	1.135891e+00 1.769174e+00 1.363979e+00	
1.664769e+05	5.835764e-01 1.707788e+00 1.363968e+00	
7.958233e+04	6.164708e-01 1.953958e+00 1.363991e+00	
1.709283e+05	1.443952e+00 1.732022e+00 1.363989e+00	
1.727259e+05	7.869714e-01 1.877298e+00 1.363989e+00	
8.887316e+04	1.039046e+00 1.815443e+00 1.363975e+00	
9.143768e+04	4.543824e-01 1.816670e+00 1.363995e+00	
1.793783e+05	8.378533e-01 1.796581e+00 1.363996e+00	
1.010076e+05	9.891559e-01 1.647870e+00 1.363969e+00	
1.042465e+05	6.351882e-01 1.659567e+00 1.363991e+00	
1.985239e+05	6.559463e-01 7.426285e-01 1.363984e+00	
1.250957e+05	1.118023e+00 1.825484e+00 1.363980e+00	
1.258040e+05	5.650959e-01 1.646193e+00 1.363972e+00	
2.024358e+05	9.609288e-01 1.599361e+00 1.363972e+00	
1.341729e+05	5.872884e-01 1.944472e+00 1.363980e+00	
1.469452e+05	6.370969e-01 1.850676e+00 1.363991e+00	
1.510416e+05	5.631665e-01 1.783946e+00 1.363992e+00	
2.089795e+05	1.105058e+00 1.848362e+00 1.363966e+00	
2.092168e+05	7.118462e-01 1.596554e+00 1.363994e+00	
1.558152e+05	8.378444e-01 1.708751e+00 1.363988e+00	
1.648596e+05	6.315846e-01 1.748115e+00 1.363972e+00	
1.942333e+05	4.750193e-01 1.838860e+00 1.363993e+00	
2.306616e+05	5.959912e-01 1.949967e+00 1.364000e+00	
2.320671e+05	5.653413e-01 1.887149e+00 1.363983e+00	
2.138326e+05	6.041714e-01 1.757952e+00 1.363977e+00	
2.251007e+05	6.746064e-01 1.953571e+00 1.363993e+00	
2.546013e+05	8.457975e-01 1.613533e+00 1.363994e+00	
2.539329e+05	4.830789e-01 1.688859e+00 1.363989e+00	
2.581927e+05	5.572469e-01 1.705140e+00 1.363966e+00	
2.618490e+05	1.124774e+00 1.791233e+00 1.363991e+00	
2.740774e+05	9.927004e-01 1.878592e+00 1.363986e+00	
2.664901e+05	6.522278e-01 1.664307e+00 1.363968e+00	
2.815539e+05	1.237428e+00 1.753861e+00 1.363975e+00	
2.871677e+05	7.346026e-01 1.707025e+00 1.363977e+00	
2.884202e+05	5.743615e-01 1.935493e+00 1.363982e+00	
2.768861e+05	7.313845e-01 1.830438e+00 1.363985e+00	
3.003550e+05	6.971856e-01 1.724123e+00 1.364002e+00	
3.005519e+05	5.583865e-01 1.712972e+00 1.363974e+00	
3.173631e+05	7.454801e-01 1.447127e+00 1.364006e+00	
2.988504e+05	1.022841e+00 1.830637e+00 1.363985e+00	
3.110169e+05	1.221779e+00 1.775367e+00 1.363979e+00	
3.841459e+05	6.274440e-01 1.807368e+00 1.364019e+00	
3.882520e+05	4.400203e-01 1.795655e+00 1.364017e+00	
4.160212e+05	6.760148e-01 1.980950e+00 1.363982e+00	
4.189882e+05	5.828358e-01 1.933332e+00 1.363964e+00	
3.473294e+05	6.116514e-01 1.914797e+00 1.363994e+00	
3.503082e+05	7.253629e-01 1.803831e+00 1.364012e+00	
3.525373e+05	7.054292e-01 1.702641e+00 1.363982e+00	
3.634190e+05	1.029692e+00 1.873031e+00 1.364008e+00	
4.612544e+05	4.940866e-01 1.826102e+00 1.364018e+00	
3.727922e+05	5.782014e-01 1.895245e+00 1.364004e+00	
4.730808e+05	5.720489e-01 1.934882e+00 1.363998e+00	
4.760562e+05	4.910499e-01 1.783393e+00 1.363949e+00	
4.812622e+05	5.525704e-01 1.916573e+00 1.364017e+00	
3.890208e+05	4.853060e-01 1.765936e+00 1.363983e+00	
3.933629e+05	6.242329e-01 1.719388e+00 1.363964e+00	
5.210394e+05	8.939082e-01 1.709672e+00 1.363991e+00	
5.323889e+05	9.936314e-01 1.833638e+00 1.364003e+00	
4.129340e+05	6.462238e-01 1.889003e+00 1.363957e+00	
5.393680e+05	4.503035e-01 9.403149e-01 1.363968e+00	
4.235982e+05	7.207383e-01 1.480288e+00 1.363971e+00	
5.694402e+05	5.827428e-01 1.856849e+00 1.363979e+00	
4.303932e+05	7.205993e-01 1.739432e+00 1.364001e+00	
5.911276e+05	1.106268e+00 1.851968e+00 1.363955e+00	
6.504628e+05	1.326949e+00 1.744153e+00 1.363975e+00	
6.534418e+05	1.186224e+00 1.742162e+00 1.363958e+00	
4.805720e+05	5.661188e-01 1.829201e+00 1.364007e+00	
4.838065e+05	1.109477e+00 1.625382e+00 1.364008e+00	
4.907604e+05	5.873417e-01 1.948567e+00 1.363968e+00	
7.092262e+05	7.904281e-01 1.996934e+00 1.363937e+00	
7.150532e+05	1.051007e+00 1.779093e+00 1.364014e+00	
7.343765e+05	7.896218e-01 1.767699e+00 1.364021e+00	
7.426554e+05	5.962279e-01 1.920902e+00 1.363994e+00	
7.433329e+05	5.642191e-01 1.874623e+00 1.363983e+00	
7.547517e+05	7.642475e-01 1.971544e+00 1.364010e+00	
5.392360e+05	7.926083e-01 1.658419e+00 1.363963e+00	
5.475962e+05	7.379813e-01 1.394339e+00 1.363987e+00	
8.200252e+05	5.022169e-01 1.799810e+00 1.364037e+00	
8.345917e+05	6.563343e-01 1.729487e+00 1.364002e+00	
8.554173e+05	9.245949e-01 1.593164e+00 1.363944e+00	
8.822129e+05	1.027819e+00 1.753839e+00 1.364017e+00	
6.045397e+05	8.163183e-01 1.778262e+00 1.364026e+00	
8.955877e+05	6.431666e-01 1.430293e+00 1.363983e+00	
9.019692e+05	9.355274e-01 1.689405e+00 1.363985e+00	
6.099832e+05	7.865228e-01 1.757446e+00 1.363968e+00	
6.116367e+05	4.641698e-01 1.799288e+00 1.364015e+00	
6.139529e+05	8.543301e-01 1.775233e+00 1.363937e+00	
9.134649e+05	1.049332e+00 1.645215e+00 1.363943e+00	
9.646639e+05	8.311600e-01 1.509623e+00 1.363944e+00	
6.667769e+05	6.432781e-01 2.005203e+00 1.363997e+00	
1.035402e+06	4.988481e-01 1.843610e+00 1.363941e+00	
6.715920e+05	7.574426e-01 1.907966e+00 1.364013e+00	
6.855213e+05	6.905704e-01 1.690901e+00 1.363934e+00	
1.072067e+06	7.792609e-01 1.986842e+00 1.364000e+00	
1.077730e+06	7.981242e-01 1.646404e+00 1.363964e+00	
1.085995e+06	5.188159e-01 1.882709e+00 1.363966e+00	
7.066953e+05	6.880493e-01 1.666363e+00 1.364034e+00	
1.110951e+06	5.613546e-01 1.925204e+00 1.363962e+00	
1.127456e+06	7.941805e-01 1.760584e+00 1.363968e+00	
7.296760e+05	7.228361e-01 1.593730e+00 1.363983e+00	
7.298137e+05	5.397835e-01 1.862831e+00 1.364022e+00	
1.159231e+06	4.983580e-01 1.483026e+00 1.364002e+00	
7.375002e+05	7.576144e-01 1.579949e+00 1.364034e+00	
1.222795e+06	6.498308e-01 1.902581e+00 1.364014e+00	
7.765687e+05	6.636442e-01 1.516887e+00 1.363942e+00	
7.860217e+05	4.885551e-01 1.852499e+00 1.363950e+00	
1.262164e+06	9.701531e-01 1.821538e+00 1.364014e+00	
1.273980e+06	5.476248e-01 1.911602e+00 1.363986e+00	
1.277573e+06	7.845585e-01 1.942894e+00 1.364007e+00	
1.280455e+06	5.374663e-01 1.706189e+00 1.363994e+00	
1.289563e+06	6.632681e-01 1.898257e+00 1.363984e+00	
1.292886e+06	4.692596e-01 1.507548e+00 1.363966e+00	
8.228947e+05	6.419791e-01 1.822316e+00 1.363969e+00	
1.334148e+06	7.229688e-01 1.915466e+00 1.363999e+00	
8.325905e+05	4.833712e-01 1.842825e+00 1.364017e+00	
8.528287e+05	5.113550e-01 1.704163e+00 1.363995e+00	
1.383454e+06	8.405020e-01 1.785698e+00 1.363968e+00	
1.383725e+06	1.030440e+00 1.907349e+00 1.363960e+00	
1.393687e+06	7.273613e-01 1.854700e+00 1.364017e+00	
1.448321e+06	6.005833e-01 1.948209e+00 1.363989e+00	
8.939658e+05	5.945116e-01 1.818735e+00 1.364021e+00	
8.985855e+05	6.107756e-01 1.729083e+00 1.363958e+00	
9.076234e+05	1.037927e+00 1.809340e+00 1.363973e+00	
1.481872e+06	5.222726e-01 1.516289e+00 1.363970e+00	
9.100771e+05	5.782699e-01 1.244541e+00 1.364007e+00	
1.486426e+06	5.290606e-01 1.880181e+00 1.364019e+00	
9.213406e+05	9.651705e-01 1.568941e+00 1.363976e+00	
9.350800e+05	1.298936e+00 1.714200e+00 1.363958e+00	
1.575797e+06	1.050083e+00 1.849505e+00 1.363975e+00	
9.702400e+05	8.615799e-01 1.814973e+00 1.363951e+00	
1.628577e+06	6.247580e-01 1.872348e+00 1.364001e+00	
9.973830e+05	9.527365e-01 1.833035e+00 1.364036e+00	
1.632112e+06	8.198390e-01 1.610125e+00 1.363987e+00	
1.015997e+06	4.977416e-01 1.861319e+00 1.363982e+00	
1.682454e+06	1.160620e+00 1.893757e+00 1.364003e+00	
1.684635e+06	6.783597e-01 1.721114e+00 1.363979e+00	
1.690953e+06	6.110015e-01 1.902624e+00 1.363996e+00	
1.030045e+06	5.141138e-01 1.035815e+00 1.363995e+00	
1.033800e+06	6.846624e-01 1.947161e+00 1.364007e+00	
1.706167e+06	9.000336e-01 1.877934e+00 1.363969e+00	
1.057157e+06	5.131560e-01 1.769417e+00 1.364023e+00	
1.783414e+06	6.647709e-01 1.898325e+00 1.363980e+00	
1.077593e+06	8.041216e-01 1.724971e+00 1.363975e+00	
1.083887e+06	1.256681e+00 1.768753e+00 1.363939e+00	
1.087535e+06	5.313268e-01 1.481643e+00 1.364018e+00	
1.823191e+06	6.034690e-01 1.940791e+00 1.363982e+00	
1.096056e+06	5.226904e-01 1.766356e+00 1.363943e+00	
1.860633e+06	7.968881e-01 1.853936e+00 1.363977e+00	
1.870979e+06	1.209526e+00 1.957273e+00 1.363969e+00	
1.880968e+06	8.481171e-01 1.797891e+00 1.363989e+00	
1.136351e+06	6.261571e-01 1.495373e+00 1.363950e+00	
1.900227e+06	5.936806e-01 1.803788e+00 1.363991e+00	
1.908876e+06	8.301516e-01 1.719378e+00 1.363986e+00	
1.914331e+06	9.465513e-01 1.646403e+00 1.363981e+00	
1.922797e+06	6.792602e-01 1.869523e+00 1.363996e+00	
1.937733e+06	6.351569e-01 1.918747e+00 1.363999e+00	
1.169978e+06	5.077824e-01 9.282189e-01 1.363969e+00	
1.979374e+06	5.017069e-01 1.842922e+00 1.363965e+00	
2.020035e+06	1.007897e+00 1.720034e+00 1.363966e+00	
2.040173e+06	8.080507e-01 1.784885e+00 1.363963e+00	
2.043554e+06	6.385168e-01 1.819839e+00 1.363980e+00	
2.045602e+06	4.852413e-01 1.809709e+00 1.363988e+00	
2.065472e+06	5.040819e-01 1.789436e+00 1.364006e+00	
2.065834e+06	6.171003e-01 1.876461e+00 1.364014e+00	
2.068356e+06	8.694470e-01 1.884177e+00 1.363982e+00	
2.078528e+06	6.400588e-01 1.712551e+00 1.363966e+00	
2.101478e+06	5.271516e-01 1.803876e+00 1.363962e+00	
1.249810e+06	1.008314e+00 1.856666e+00 1.364009e+00	
1.258455e+06	9.216056e-01 1.912312e+00 1.363951e+00	
2.158074e+06	9.469188e-01 1.811449e+00 1.363971e+00	
1.274440e+06	5.923431e-01 1.779511e+00 1.364000e+00	
1.276074e+06	6.553343e-01 1.874843e+00 1.363990e+00	
2.183574e+06	8.101865e-01 1.631263e+00 1.363956e+00	
2.221093e+06	9.896965e-01 1.892996e+00 1.363956e+00	
2.258573e+06	9.335625e-01 1.851122e+00 1.363959e+00	
2.259231e+06	1.456578e+00 1.776407e+00 1.363989e+00	
2.259433e+06	1.185013e+00 1.848585e+00 1.364003e+00	
2.291741e+06	1.432374e+00 1.865564e+00 1.364014e+00	
2.319109e+06	6.206702e-01 1.981104e+00 1.363973e+00	
2.336282e+06	7.152958e-01 1.896470e+00 1.363968e+00	
2.362635e+06	6.720171e-01 1.828357e+00 1.364011e+00	
2.377115e+06	5.709048e-01 1.724727e+00 1.364011e+00	
2.406987e+06	7.482288e-01 1.812949e+00 1.363977e+00	
1.426819e+06	7.321214e-01 1.810542e+00 1.363963e+00	
1.430017e+06	1.299541e+00 1.825902e+00 1.363968e+00	
2.453224e+06	7.032357e-01 1.705228e+00 1.363961e+00	
2.461121e+06	5.147874e-01 1.707275e+00 1.363965e+00	
1.443038e+06	5.876873e-01 1.901950e+00 1.363994e+00	
2.522204e+06	5.108943e-01 1.777334e+00 1.364002e+00	
1.494596e+06	9.879003e-01 1.786674e+00 1.363957e+00	
2.569440e+06	4.964290e-01 1.734650e+00 1.363963e+00	
2.583131e+06	7.296436e-01 1.869560e+00 1.363968e+00	
2.618526e+06	5.428297e-01 1.897839e+00 1.364011e+00	
1.525287e+06	1.149786e+00 1.792880e+00 1.364009e+00	
2.620893e+06	5.545354e-01 1.914143e+00 1.364018e+00	
1.530714e+06	6.073844e-01 1.850778e+00 1.364000e+00	
2.632200e+06	9.214124e-01 1.669378e+00 1.363991e+00	
1.550934e+06	1.162062e+00 1.898050e+00 1.363970e+00	
2.665087e+06	1.019868e+00 1.735797e+00 1.363979e+00	
1.562546e+06	1.240089e+00 1.375811e+00 1.363983e+00	
2.690110e+06	9.709265e-01 1.916318e+00 1.363958e+00	
2.691445e+06	1.245430e+00 1.842670e+00 1.363999e+00	
2.732152e+06	6.742667e-01 1.849551e+00 1.363980e+00	
2.737190e+06	1.013938e+00 1.789135e+00 1.364004e+00	
2.772638e+06	5.952048e-01 1.956028e+00 1.364002e+00	
1.616172e+06	1.166342e+00 1.808707e+00 1.363976e+00	
2.806777e+06	7.102554e-01 1.785473e+00 1.364000e+00	
2.818721e+06	5.312183e-01 1.796896e+00 1.363957e+00	
2.820856e+06	5.321927e-01 1.877998e+00 1.363964e+00	
1.648184e+06	5.889049e-01 1.723125e+00 1.363969e+00	
2.851726e+06	7.379417e-01 1.791081e+00 1.363988e+00	
1.654456e+06	7.546199e-01 1.851293e+00 1.363977e+00	
1.659707e+06	1.010377e+00 1.683975e+00 1.363983e+00	
1.660620e+06	5.791754e-01 1.783391e+00 1.363976e+00	
1.662391e+06	1.047236e+00 1.663900e+00 1.363975e+00	
2.878628e+06	6.383966e-01 1.827878e+00 1.363969e+00	
2.879481e+06	9.981093e-01 1.808591e+00 1.364006e+00	
1.674261e+06	7.872272e-01 1.872785e+00 1.364003e+00	
2.903255e+06	5.358147e-01 1.899539e+00 1.363990e+00	
2.908840e+06	4.644899e-01 1.820782e+00 1.363969e+00	
2.918680e+06	5.877993e-01 1.944962e+00 1.363983e+00	
2.922260e+06	1.009829e+00 1.753645e+00 1.363970e+00	
2.958934e+06	6.518848e-01 1.844494e+00 1.363969e+00	
1.715407e+06	6.535730e-01 1.856909e+00 1.363989e+00	
1.716228e+06	8.739782e-01 1.866359e+00 1.363986e+00	
3.048533e+06	6.485776e-01 1.768152e+00 1.363970e+00	
3.073727e+06	1.362136e+00 1.748407e+00 1.363987e+00	
3.076755e+06	4.861032e-01 1.671190e+00 1.363987e+00	
3.134088e+06	5.558225e-01 1.533305e+00 1.363985e+00	
3.142249e+06	5.888601e-01 1.718063e+00 1.363988e+00	
3.147524e+06	7.702566e-01 1.658655e+00 1.363983e+00	
3.169943e+06	1.184800e+00 1.742375e+00 1.363972e+00	
1.822376e+06	5.781046e-01 1.882824e+00 1.363980e+00	
1.824253e+06	5.059732e-01 1.804129e+00 1.363979e+00	
1.842692e+06	4.629276e-01 1.821797e+00 1.363986e+00	
3.226523e+06	5.436679e-01 1.742862e+00 1.363975e+00	
3.232591e+06	8.040031e-01 1.877600e+00 1.363966e+00	
3.234681e+06	5.879707e-01 1.618751e+00 1.364006e+00	
1.856706e+06	1.069609e+00 1.659765e+00 1.363988e+00	
1.857671e+06	9.102957e-01 1.811007e+00 1.364001e+00	
3.247903e+06	5.738817e-01 1.837503e+00 1.363973e+00	
3.255271e+06	5.246330e-01 1.883532e+00 1.363993e+00	
1.866540e+06	1.523000e+00 1.756877e+00 1.363974e+00	
1.866584e+06	1.066470e+00 1.873984e+00 1.363967e+00	
3.286470e+06	7.719176e-01 1.453150e+00 1.363988e+00	
1.879528e+06	6.360985e-01 1.964331e+00 1.363980e+00	
3.290142e+06	7.592512e-01 1.951837e+00 1.363995e+00	
1.880795e+06	1.002295e+00 1.704345e+00 1.363981e+00	
1.884528e+06	8.917700e-01 1.848351e+00 1.363979e+00	
3.299672e+06	6.851269e-01 1.255326e+00 1.363987e+00	
1.900462e+06	8.813269e-01 1.608849e+00 1.364001e+00	
3.330200e+06	5.223766e-01 1.860956e+00 1.363962e+00	
1.905377e+06	1.297384e+00 1.878154e+00 1.363974e+00	
1.920919e+06	6.680046e-01 1.884489e+00 1.364008e+00	
1.931203e+06	4.871893e-01 1.394463e+00 1.363997e+00	
1.943867e+06	9.520845e-01 1.598435e+00 1.363963e+00	
1.945512e+06	7.949153e-01 1.458728e+00 1.363974e+00	
1.945631e+06	6.264396e-01 1.969845e+00 1.363993e+00	
1.967261e+06	6.693468e-01 1.950321e+00 1.363959e+00	
3.447169e+06	8.163191e-01 1.546217e+00 1.363979e+00	
2.024919e+06	5.752552e-01 1.916844e+00 1.363987e+00	
3.556506e+06	5.909545e-01 1.921056e+00 1.363973e+00	
2.032820e+06	7.510004e-01 1.717317e+00 1.363994e+00	
5.968164e+04	8.188102e-01 1.832796e+00 1.363977e+00	
3.577284e+06	5.764304e-01 1.694028e+00 1.363986e+00	
6.635094e+04	7.543469e-01 1.449935e+00 1.363975e+00	
6.738679e+04	5.729134e-01 1.925789e+00 1.363972e+00	
6.872379e+04	9.984225e-01 1.691868e+00 1.363977e+00	
7.238877e+04	6.692463e-01 1.548641e+00 1.363984e+00	
7.823675e+04	6.496888e-01 1.803479e+00 1.363984e+00	
2.058126e+06	6.388133e-01 1.940880e+00 1.363970e+00	
3.620248e+06	6.609316e-01 1.478119e+00 1.363986e+00	
8.843538e+04	4.586973e-01 1.773652e+00 1.363969e+00	
8.934210e+04	6.654008e-01 1.752765e+00 1.363988e+00	
9.149466e+04	8.655761e-01 1.660249e+00 1.363993e+00	
9.849194e+04	1.016462e+00 1.873891e+00 1.363970e+00	
3.645471e+06	5.617498e-01 1.105115e+00 1.364014e+00	
1.042023e+05	5.589173e-01 1.901104e+00 1.363987e+00	
3.649797e+06	6.411570e-01 1.929335e+00 1.364031e+00	
1.146380e+05	6.878245e-01 1.910363e+00 1.363975e+00	
1.177528e+05	5.051487e-01 1.826240e+00 1.363984e+00	
1.186611e+05	6.564557e-01 1.507648e+00 1.363975e+00	
1.201042e+05	5.646150e-01 1.846397e+00 1.363974e+00	
2.091711e+06	6.018411e-01 1.926521e+00 1.363961e+00	
2.096735e+06	4.929506e-01 1.759383e+00 1.363996e+00	
2.103722e+06	4.655407e-01 1.813977e+00 1.363986e+00	
2.107766e+06	1.034954e+00 1.727822e+00 1.363972e+00	
3.729356e+06	1.347114e+00 1.807929e+00 1.364007e+00	
3.732544e+06	7.104932e-01 1.563338e+00 1.363984e+00	
3.738006e+06	6.251852e-01 1.515729e+00 1.363989e+00	
3.746458e+06	8.170461e-01 1.341287e+00 1.363985e+00	
3.766406e+06	9.480155e-01 1.655926e+00 1.363942e+00	
3.771788e+06	5.346433e-01 1.645285e+00 1.364026e+00	
2.151972e+06	7.553734e-01 1.836135e+00 1.363967e+00	
2.169800e+06	7.404657e-01 1.679016e+00 1.363994e+00	
2.176859e+06	7.602194e-01 1.361976e+00 1.363962e+00	
2.180671e+06	5.164454e-01 1.863578e+00 1.363992e+00	
3.833238e+06	7.949257e-01 1.677290e+00 1.363984e+00	
2.197594e+05	7.892118e-01 1.914373e+00 1.363992e+00	
2.200923e+06	1.345099e+00 1.698093e+00 1.363983e+00	
3.868226e+06	8.033021e-01 1.719985e+00 1.363953e+00	
3.884553e+06	6.216164e-01 1.942426e+00 1.364022e+00	
2.477290e+05	8.252781e-01 1.863391e+00 1.363997e+00	
2.223814e+06	5.681478e-01 8.462610e-01 1.364008e+00	
2.626486e+05	9.326998e-01 1.900879e+00 1.363979e+00	
2.231651e+06	1.020465e+00 1.769886e+00 1.363978e+00	
3.940673e+06	9.539177e-01 1.658585e+00 1.363943e+00	
3.943953e+06	6.384275e-01 1.961161e+00 1.363954e+00	
2.744807e+05	9.681987e-01 1.667070e+00 1.363961e+00	
2.789320e+05	6.476342e-01 1.804091e+00 1.364000e+00	
2.869554e+05	5.887789e-01 1.757611e+00 1.363992e+00	
3.990821e+06	9.170886e-01 1.698305e+00 1.364020e+00	
2.886361e+05	6.911779e-01 1.687627e+00 1.363981e+00	
4.034779e+06	7.164381e-01 1.881108e+00 1.363969e+00	
4.036270e+06	6.155913e-01 1.797164e+00 1.363970e+00	
4.063171e+06	5.971785e-01 1.930448e+00 1.363991e+00	
4.094299e+06	8.706345e-01 1.765892e+00 1.363988e+00	
2.708006e+04	1.023865e+00 1.714263e+00 1.363972e+00	
3.397014e+04	5.738297e-01 1.895233e+00 1.363971e+00	
4.480864e+04	9.427699e-01 1.673729e+00 1.363984e+00	
4.533870e+04	5.559528e-01 1.918611e+00 1.363992e+00	
5.395628e+04	9.753896e-01 1.691197e+00 1.363982e+00	
5.390015e+04	5.176769e-01 1.851949e+00 1.363994e+00	
5.474778e+04	9.339698e-01 1.797449e+00 1.363978e+00	
6.470149e+04	6.464152e-01 1.825116e+00 1.363999e+00	
7.074170e+04	4.725178e-01 1.760431e+00 1.363989e+00	
7.037616e+04	4.877012e-01 1.838134e+00 1.363983e+00	
7.472860e+04	8.268880e-01 1.918622e+00 1.363984e+00	
7.514111e+04	5.248478e-01 1.594507e+00 1.363988e+00	
7.696638e+04	5.979632e-01 1.868781e+00 1.363986e+00	
8.067494e+04	5.500748e-01 1.829719e+00 1.363991e+00	
8.224064e+04	8.993195e-01 1.863913e+00 1.363976e+00	
8.381210e+04	6.435583e-01 1.958652e+00 1.363987e+00	
8.419534e+04	6.209085e-01 1.804241e+00 1.363983e+00	
8.553950e+04	5.036698e-01 1.864897e+00 1.363977e+00	
8.554144e+04	4.609319e-01 1.790625e+00 1.363980e+00	
8.825476e+04	1.025358e+00 1.869580e+00 1.363988e+00	
8.914845e+04	7.399165e-01 1.940514e+00 1.363979e+00	
9.332232e+04	5.859086e-01 1.405008e+00 1.363977e+00	
9.275638e+04	6.057242e-01 1.780055e+00 1.363978e+00	
9.741873e+04	9.819226e-01 1.742724e+00 1.363987e+00	
9.946060e+04	1.092008e+00 1.814430e+00 1.363969e+00	
9.977288e+04	5.977994e-01 1.061637e+00 1.363983e+00	
9.913664e+04	5.733831e-01 1.885516e+00 1.363966e+00	
1.038752e+05	6.094385e-01 1.949047e+00 1.363984e+00	
1.051281e+05	6.021962e-01 1.758728e+00 1.363985e+00	
1.088055e+05	4.947211e-01 1.847635e+00 1.363980e+00	
1.088420e+05	1.363582e+00 1.754828e+00 1.364000e+00	
1.143156e+05	5.855314e-01 1.683365e+00 1.363999e+00	
1.145330e+05	6.226888e-01 1.471364e+00 1.363975e+00	
1.241926e+05	1.285261e+00 1.837960e+00 1.363982e+00	
1.240986e+05	7.206386e-01 1.664251e+00 1.363996e+00	
1.253950e+05	6.734915e-01 1.386523e+00 1.363982e+00	
1.384888e+05	9.477958e-01 1.760060e+00 1.363977e+00	
1.476020e+05	6.749574e-01 1.759853e+00 1.363995e+00	
1.525755e+05	1.221484e+00 1.892050e+00 1.363995e+00	
1.519547e+05	7.420686e-01 1.884099e+00 1.363974e+00	
1.552556e+05	6.042589e-01 1.785946e+00 1.363992e+00	
1.637785e+05	1.224922e+00 1.753736e+00 1.364000e+00	
1.641776e+05	8.083682e-01 1.738167e+00 1.363982e+00	
1.860277e+05	5.540826e-01 1.914670e+00 1.363996e+00	
1.839687e+05	5.185524e-01 1.821052e+00 1.363996e+00	
1.854304e+05	5.662369e-01 1.927828e+00 1.363984e+00	
1.916134e+05	1.045753e+00 1.682133e+00 1.363983e+00	
1.993988e+05	9.951892e-01 1.784586e+00 1.364001e+00	
1.995910e+05	8.704555e-01 1.789482e+00 1.364003e+00	
2.043571e+05	4.984903e-01 1.814860e+00 1.363993e+00	
2.020642e+05	7.981255e-01 1.529071e+00 1.363994e+00	
1.909954e+04	6.780385e-01 1.390997e+00 1.363978e+00	
2.476497e+04	5.006530e-01 1.805775e+00 1.363983e+00	
2.095902e+04	8.156980e-01 1.777856e+00 1.363994e+00	
2.983905e+04	6.083830e-01 1.835208e+00 1.363983e+00	
4.519839e+04	7.880008e-01 1.650240e+00 1.363978e+00	
4.060679e+04	9.301922e-01 1.667767e+00 1.363974e+00	
2.268819e+04	5.759748e-01 1.894937e+00 1.363987e+00	
4.299762e+04	9.406756e-01 1.885905e+00 1.363972e+00	
3.563908e+04	7.264928e-01 1.806114e+00 1.363980e+00	
3.744228e+04	6.345121e-01 1.462871e+00 1.363995e+00	
3.629069e+04	4.848770e-01 1.827249e+00 1.363972e+00	
4.879685e+04	6.223419e-01 1.750257e+00 1.363990e+00	
5.524593e+04	9.131870e-01 1.777611e+00 1.363982e+00	
5.604968e+04	5.807914e-01 1.899490e+00 1.363996e+00	
4.162144e+04	6.933669e-01 1.609696e+00 1.363994e+00	
4.062284e+04	6.955072e-01 1.564776e+00 1.363977e+00	
5.723364e+04	4.975670e-01 1.803179e+00 1.363987e+00	
4.316645e+04	1.017455e+00 1.798778e+00 1.363988e+00	
5.722067e+04	4.602182e-01 1.632735e+00 1.363994e+00	
5.540583e+04	4.293971e-01 1.788270e+00 1.363997e+00	
5.113038e+04	5.956679e-01 1.905926e+00 1.363975e+00	
5.958628e+04	6.693735e-01 1.880860e+00 1.363990e+00	
5.095566e+04	6.655265e-01 1.937210e+00 1.363994e+00	
6.482561e+04	7.765394e-01 1.674574e+00 1.363970e+00	
5.564342e+04	7.222347e-01 1.817671e+00 1.363997e+00	
5.557852e+04	5.642407e-01 1.351651e+00 1.363990e+00	
5.640498e+04	7.166674e-01 1.814802e+00 1.363980e+00	
6.930528e+04	4.711293e-01 1.773357e+00 1.363984e+00	
6.546468e+04	9.909234e-01 1.637943e+00 1.363994e+00	
5.799164e+04	7.376596e-01 1.702921e+00 1.363987e+00	
7.161352e+04	5.185285e-01 1.827286e+00 1.363983e+00	
6.641126e+04	6.357487e-01 1.888185e+00 1.363987e+00	
6.751478e+04	6.147791e-01 1.961332e+00 1.363985e+00	
6.846008e+04	6.277395e-01 1.749504e+00 1.363984e+00	
6.772531e+04	4.978170e-01 1.849755e+00 1.363974e+00	
6.948408e+04	8.578827e-01 1.838409e+00 1.363982e+00	
7.249639e+04	8.087878e-01 1.785561e+00 1.363982e+00	
7.238101e+04	1.018556e+00 1.744545e+00 1.363985e+00	
7.997749e+04	5.489682e-01 1.704673e+00 1.363970e+00	
8.050919e+04	1.178825e+00 1.582648e+00 1.363981e+00	
8.265438e+04	7.677562e-01 1.694275e+00 1.363995e+00	
8.359010e+04	8.277091e-01 1.861944e+00 1.363997e+00	
8.071875e+04	5.853686e-01 1.798722e+00 1.363995e+00	
8.292915e+04	6.813325e-01 1.990816e+00 1.363989e+00	
7.855236e+04	1.377503e+00 1.852502e+00 1.363977e+00	
4.180508e+04	6.079343e-01 1.939785e+00 1.363981e+00	
8.446036e+04	8.201017e-01 1.763425e+00 1.363981e+00	
4.225350e+04	6.989106e-01 1.669666e+00 1.363992e+00	
8.636863e+04	4.998167e-01 1.719201e+00 1.363981e+00	
8.693054e+04	9.926148e-01 1.654417e+00 1.364004e+00	
8.837768e+04	5.826399e-01 1.946370e+00 1.363997e+00	
8.853099e+04	9.696672e-01 1.659985e+00 1.363985e+00	
8.920196e+04	4.792504e-01 1.746309e+00 1.363983e+00	
8.959305e+04	5.751460e-01 1.493174e+00 1.363979e+00	
9.172863e+04	6.084989e-01 1.815684e+00 1.363979e+00	
9.162702e+04	9.275621e-01 1.684463e+00 1.363991e+00	
9.222007e+04	1.261787e+00 1.750732e+00 1.363981e+00	
9.438469e+04	6.184406e-01 1.637350e+00 1.363990e+00	
9.575420e+04	7.451070e-01 1.759999e+00 1.363975e+00	
9.503439e+04	1.278184e+00 1.587680e+00 1.363968e+00	
8.563128e+04	5.312448e-01 1.890153e+00 1.363986e+00	
9.057759e+04	5.960001e-01 1.750274e+00 1.363979e+00	
5.226918e+04	7.914952e-01 1.790745e+00 1.363985e+00	
9.830409e+04	8.609228e-01 1.869188e+00 1.363993e+00	
8.931246e+04	1.204299e+00 1.884363e+00 1.363991e+00	
9.692358e+04	4.803815e-01 1.478689e+00 1.363990e+00	
9.453491e+04	1.077502e+00 1.792417e+00 1.363999e+00	
1.043703e+05	5.303150e-01 1.765194e+00 1.363991e+00	
6.004447e+04	7.024396e-01 1.852523e+00 1.363993e+00	
1.067069e+05	8.871690e-01 1.927067e+00 1.363984e+00	
1.075986e+05	6.479621e-01 1.303973e+00 1.363971e+00	
6.161802e+04	6.100405e-01 1.420751e+00 1.363976e+00	
1.002442e+05	6.844943e-01 1.815763e+00 1.363979e+00	
1.117279e+05	6.076346e-01 1.970529e+00 1.363992e+00	
9.686977e+04	6.087720e-01 1.385409e+00 1.363983e+00	
7.003033e+04	7.415189e-01 1.875139e+00 1.363990e+00	
1.148176e+05	5.586789e-01 1.913924e+00 1.363992e+00	
1.006816e+05	1.220844e+00 1.678029e+00 1.363982e+00	
1.058236e+05	7.982333e-01 1.774743e+00 1.363970e+00	
1.178994e+05	1.221410e+00 1.694505e+00 1.363975e+00	
1.111005e+05	7.024781e-01 1.788446e+00 1.363981e+00	
1.231488e+05	8.378921e-01 1.799388e+00 1.363974e+00	
1.245092e+05	5.654718e-01 1.753255e+00 1.363969e+00	
7.640824e+04	7.033595e-01 1.923340e+00 1.363986e+00	
7.929945e+04	6.039899e-01 1.799227e+00 1.364000e+00	
1.139061e+05	6.101790e-01 1.883017e+00 1.363977e+00	
8.190641e+04	9.074780e-01 1.768764e+00 1.363982e+00	
1.282180e+05	1.194312e+00 1.805316e+00 1.363997e+00	
1.192728e+05	7.954943e-01 1.219323e+00 1.363998e+00	
1.294114e+05	1.220094e+00 1.832302e+00 1.363999e+00	
1.096148e+05	1.132715e+00 1.814517e+00 1.363986e+00	
1.165580e+05	7.361662e-01 1.865520e+00 1.364006e+00	
1.328698e+05	9.032334e-01 1.636918e+00 1.363997e+00	
1.388508e+05	4.458359e-01 1.754602e+00 1.364002e+00	
9.148314e+04	6.294246e-01 1.867897e+00 1.363979e+00	
1.391384e+05	7.304796e-01 1.654416e+00 1.363971e+00	
1.162740e+05	5.402932e-01 1.407624e+00 1.363996e+00	
1.223957e+05	6.761061e-01 1.708369e+00 1.363976e+00	
1.263160e+05	6.693305e-01 1.616019e+00 1.363981e+00	
1.448158e+05	4.889097e-01 1.767971e+00 1.363986e+00	
1.416945e+05	6.227174e-01 1.908156e+00 1.363984e+00	
1.454754e+05	9.458687e-01 1.897578e+00 1.364002e+00	
9.515940e+04	4.745447e-01 1.790086e+00 1.363975e+00	
1.435818e+05	6.174517e-01 1.559047e+00 1.363991e+00	
1.332481e+05	6.045616e-01 1.881686e+00 1.364002e+00	
1.552681e+05	6.625555e-01 1.793554e+00 1.363987e+00	
1.532547e+05	8.452099e-01 1.714601e+00 1.363998e+00	
1.534887e+05	5.376209e-01 1.871464e+00 1.363993e+00	
1.563098e+05	7.968389e-01 1.878396e+00 1.363981e+00	
1.379414e+05	5.857750e-01 1.816774e+00 1.364005e+00	
1.271410e+05	9.288834e-01 1.772748e+00 1.363972e+00	
1.083996e+05	1.033872e+00 1.848148e+00 1.363976e+00	
1.613523e+05	5.072109e-01 1.851921e+00 1.363994e+00	
1.316395e+05	1.015499e+00 1.720809e+00 1.363988e+00	
1.318449e+05	6.206736e-01 1.905567e+00 1.363987e+00	
1.333097e+05	1.392886e+00 1.797009e+00 1.363977e+00	
1.399044e+05	5.033554e-01 1.863976e+00 1.363992e+00	
1.448795e+05	1.292882e+00 1.690007e+00 1.363973e+00	
1.351650e+05	9.891949e-01 1.693276e+00 1.363968e+00	
1.693293e+05	5.165176e-01 1.879584e+00 1.363982e+00	
1.465945e+05	5.169281e-01 1.772889e+00 1.363999e+00	
1.709447e+05	6.131876e-01 1.918194e+00 1.363981e+00	
1.730612e+05	8.315681e-01 1.889438e+00 1.363980e+00	
1.716605e+05	1.077913e+00 1.826632e+00 1.363992e+00	
1.765536e+05	6.161358e-01 1.969858e+00 1.363999e+00	
1.509437e+05	5.604897e-01 1.755949e+00 1.363975e+00	
1.533829e+05	6.974727e-01 1.486920e+00 1.363970e+00	
1.877436e+05	5.411755e-01 1.806501e+00 1.363963e+00	
1.504512e+05	9.049198e-01 1.853199e+00 1.363993e+00	
1.920151e+05	1.029512e+00 1.867636e+00 1.363968e+00	
1.585148e+05	1.610116e+00 1.863964e+00 1.364008e+00	
1.483699e+05	4.912268e-01 1.846648e+00 1.363966e+00	
1.643174e+05	1.360673e+00 1.890454e+00 1.364009e+00	
1.982758e+05	5.779032e-01 1.907643e+00 1.364005e+00	
1.713675e+05	7.046648e-01 1.366966e+00 1.363967e+00	
1.727853e+05	6.046962e-01 1.943700e+00 1.363988e+00	
1.634840e+05	6.349901e-01 1.869396e+00 1.363975e+00	
2.094292e+05	1.673200e+00 1.700123e+00 1.363965e+00	
2.176010e+05	5.142978e-01 1.877845e+00 1.363984e+00	
2.162519e+05	7.473002e-01 1.688975e+00 1.363959e+00	
1.829707e+05	6.866255e-01 1.663288e+00 1.363981e+00	
2.161122e+05	5.285240e-01 1.883107e+00 1.363959e+00	
1.717443e+05	8.566981e-01 1.951540e+00 1.364000e+00	
2.249427e+05	5.915886e-01 1.875912e+00 1.363985e+00	
2.289324e+05	5.250939e-01 1.676358e+00 1.363995e+00	
2.244630e+05	1.008339e+00 1.666587e+00 1.363972e+00	
1.820438e+05	9.292317e-01 1.812546e+00 1.363964e+00	
2.266586e+05	6.644372e-01 2.027602e+00 1.363990e+00	
2.320872e+05	5.503468e-01 1.859506e+00 1.363964e+00	
2.293646e+05	6.543841e-01 1.898804e+00 1.363970e+00	
2.351624e+05	7.587732e-01 1.730724e+00 1.363976e+00	
1.979746e+05	6.261568e-01 1.958409e+00 1.363988e+00	
2.056469e+05	1.066632e+00 1.618104e+00 1.363967e+00	
2.007093e+05	5.781662e-01 1.922421e+00 1.364004e+00	
2.433443e+05	9.286323e-01 1.724665e+00 1.364012e+00	
2.092019e+05	7.168037e-01 1.885751e+00 1.364004e+00	
2.040912e+05	8.091035e-01 1.806078e+00 1.363987e+00	
2.467202e+05	5.288451e-01 1.772774e+00 1.363976e+00	
2.458148e+05	8.186142e-01 1.760467e+00 1.363976e+00	
2.473743e+05	6.376751e-01 1.768100e+00 1.363993e+00	
2.465276e+05	8.072560e-01 1.871612e+00 1.364006e+00	
2.615465e+05	7.464172e-01 1.884840e+00 1.363999e+00	
2.608153e+05	4.826878e-01 1.708614e+00 1.363967e+00	
2.222089e+05	6.827274e-01 1.933341e+00 1.363979e+00	
2.594150e+05	4.957287e-01 1.726895e+00 1.363957e+00	
2.662424e+05	5.440169e-01 1.747258e+00 1.363989e+00	
2.266821e+05	8.926631e-01 1.356209e+00 1.363997e+00	
2.151101e+05	9.032999e-01 1.738317e+00 1.363972e+00	
2.685165e+05	6.716815e-01 1.826156e+00 1.363973e+00	
2.709548e+05	7.242130e-01 1.938908e+00 1.363966e+00	
2.725920e+05	7.427631e-01 1.539702e+00 1.363977e+00	
2.734797e+05	9.629891e-01 1.762014e+00 1.363974e+00	
2.736183e+05	8.941046e-01 1.831498e+00 1.363980e+00	
2.767568e+05	6.114237e-01 1.889678e+00 1.363983e+00	
2.395568e+05	7.540190e-01 1.876068e+00 1.363975e+00	
2.832312e+05	6.831751e-01 1.891060e+00 1.364010e+00	
2.858639e+05	5.337299e-01 1.543860e+00 1.364001e+00	
2.818271e+05	9.218848e-01 1.705163e+00 1.363989e+00	
2.329993e+05	5.112711e-01 1.744772e+00 1.363958e+00	
2.472690e+05	5.800261e-01 1.942478e+00 1.363969e+00	
2.286008e+05	5.810975e-01 1.876182e+00 1.363973e+00	
2.899304e+05	7.849065e-01 1.838594e+00 1.363996e+00	
2.880526e+05	8.046790e-01 1.618688e+00 1.363997e+00	
2.934665e+05	7.132986e-01 1.838234e+00 1.363958e+00	
2.946574e+05	5.228185e-01 1.849328e+00 1.364000e+00	
2.577230e+05	7.715034e-01 1.891771e+00 1.363998e+00	
3.051446e+05	7.118001e-01 1.700268e+00 1.364005e+00	
3.007257e+05	7.572511e-01 1.746072e+00 1.363984e+00	
2.635863e+05	1.065133e+00 1.758574e+00 1.363970e+00	
3.098966e+05	8.480840e-01 1.733249e+00 1.363999e+00	
2.455161e+05	5.109174e-01 1.805412e+00 1.363992e+00	
3.088739e+05	7.272854e-01 1.830174e+00 1.363958e+00	
3.089157e+05	5.440277e-01 1.596465e+00 1.363985e+00	
3.074539e+05	4.979204e-01 1.443658e+00 1.363970e+00	
3.089394e+05	1.426482e+00 1.846735e+00 1.363958e+00	
2.489246e+05	7.962517e-01 1.860044e+00 1.363969e+00	
3.129939e+05	1.144700e+00 1.602665e+00 1.363954e+00	
3.171491e+05	9.610423e-01 1.801922e+00 1.364001e+00	
3.176295e+05	1.174295e+00 1.853635e+00 1.364002e+00	
2.429047e+05	6.466102e-01 1.669333e+00 1.364009e+00	
3.200059e+05	1.097595e+00 1.778130e+00 1.363957e+00	
2.762175e+05	1.528603e+00 1.850333e+00 1.364002e+00	
2.767490e+05	5.744833e-01 1.874374e+00 1.363994e+00	
2.771429e+05	1.050885e+00 1.642493e+00 1.363972e+00	
2.533456e+05	7.364183e-01 1.844179e+00 1.363981e+00	
3.229604e+05	7.098731e-01 1.850441e+00 1.363991e+00	
2.454603e+05	5.202993e-01 1.716119e+00 1.363973e+00	
2.547754e+05	7.585305e-01 1.894255e+00 1.363996e+00	
3.261151e+05	7.210210e-01 1.852454e+00 1.364004e+00	
3.269504e+05	1.167522e+00 1.959785e+00 1.363959e+00	
2.505319e+05	9.091587e-01 1.940613e+00 1.363996e+00	
3.290794e+05	5.690656e-01 1.528963e+00 1.364004e+00	
2.862745e+05	8.515284e-01 1.843855e+00 1.363980e+00	
2.598163e+05	5.312751e-01 1.650688e+00 1.363975e+00	
3.366585e+05	1.097029e+00 1.584232e+00 1.363993e+00	
2.895224e+05	5.498811e-01 1.815855e+00 1.364002e+00	
2.553610e+05	6.093286e-01 1.736662e+00 1.363976e+00	
3.372490e+05	7.504436e-01 1.906974e+00 1.364023e+00	
2.986213e+05	8.618759e-01 1.696572e+00 1.363962e+00	
2.996353e+05	6.475510e-01 1.893113e+00 1.363974e+00	
2.625356e+05	5.772145e-01 1.927053e+00 1.363973e+00	
3.550136e+05	4.951837e-01 1.674268e+00 1.364011e+00	
3.555464e+05	4.693489e-01 1.766552e+00 1.364010e+00	
2.685606e+05	5.837962e-01 1.937611e+00 1.363997e+00	
2.815436e+05	5.167152e-01 1.711955e+00 1.363997e+00	
3.659759e+05	8.167382e-01 1.659782e+00 1.363973e+00	
3.660020e+05	4.625725e-01 1.133616e+00 1.364019e+00	
3.686356e+05	1.026397e+00 1.911847e+00 1.363998e+00	
2.842522e+05	5.902780e-01 1.944650e+00 1.364004e+00	
3.243879e+05	1.032216e+00 1.611231e+00 1.364002e+00	
2.854343e+05	6.016363e-01 1.797330e+00 1.363957e+00	
2.799870e+05	9.717683e-01 1.899247e+00 1.363982e+00	
3.770122e+05	7.556674e-01 1.668845e+00 1.364000e+00	
3.310839e+05	4.752927e-01 1.830997e+00 1.364011e+00	
2.803531e+05	8.239551e-01 1.718576e+00 1.364016e+00	
2.764438e+05	8.777311e-01 1.797194e+00 1.363960e+00	
3.807549e+05	5.694717e-01 1.888577e+00 1.364004e+00	
3.384246e+05	7.488910e-01 1.784171e+00 1.364002e+00	
2.936846e+05	5.735815e-01 1.883481e+00 1.363984e+00	
2.813710e+05	5.546180e-01 1.816686e+00 1.363966e+00	
3.874770e+05	1.206735e+00 1.862966e+00 1.363948e+00	
3.925932e+05	4.824812e-01 1.518445e+00 1.363985e+00	
3.878594e+05	6.964728e-01 1.912963e+00 1.363958e+00	
2.850673e+05	5.757507e-01 1.867034e+00 1.364006e+00	
2.962097e+05	5.871232e-01 1.949496e+00 1.363975e+00	
3.019905e+05	7.535283e-01 1.634387e+00 1.363980e+00	
4.023097e+05	6.099737e-01 1.744682e+00 1.364008e+00	
4.016516e+05	9.453948e-01 1.912823e+00 1.363967e+00	
3.592085e+05	1.208780e+00 1.824249e+00 1.363982e+00	
4.065400e+05	1.073348e+00 1.681050e+00 1.363951e+00	
3.660080e+05	1.121470e+00 1.392897e+00 1.363994e+00	
4.125550e+05	6.748996e-01 1.735628e+00 1.364003e+00	
2.992696e+05	9.145410e-01 1.874752e+00 1.364019e+00	
3.722117e+05	7.930406e-01 1.800287e+00 1.364002e+00	
3.131852e+05	1.729954e+00 1.837961e+00 1.363976e+00	
3.140504e+05	5.543673e-01 1.881650e+00 1.363987e+00	
3.046465e+05	8.942312e-01 1.472296e+00 1.364015e+00	
3.059306e+05	1.355997e+00 1.884243e+00 1.363962e+00	
3.178500e+05	7.456413e-01 1.639777e+00 1.363968e+00	
3.195243e+05	6.600821e-01 1.560922e+00 1.363982e+00	
3.851265e+05	6.513152e-01 1.973654e+00 1.363992e+00	
4.236528e+05	1.416837e+00 1.756793e+00 1.363962e+00	
4.257610e+05	6.988365e-01 1.895666e+00 1.364009e+00	
4.277625e+05	1.143459e+00 1.798676e+00 1.364009e+00	
3.292320e+05	5.779555e-01 1.886885e+00 1.364002e+00	
4.349241e+05	5.474825e-01 1.903791e+00 1.364013e+00	
4.387672e+05	7.681690e-01 1.830465e+00 1.363946e+00	
3.344570e+05	8.099245e-01 1.781068e+00 1.364005e+00	
3.406635e+05	1.156353e+00 1.838707e+00 1.363976e+00	
3.342637e+05	5.951899e-01 1.957008e+00 1.363977e+00	
4.450732e+05	1.016533e+00 1.527598e+00 1.363977e+00	
4.457852e+05	5.609200e-01 1.908898e+00 1.363969e+00	
4.512456e+05	6.166506e-01 1.806740e+00 1.364029e+00	
4.591061e+05	7.112677e-01 1.877262e+00 1.364005e+00	
4.626345e+05	7.299191e-01 1.799300e+00 1.363950e+00	
3.462193e+05	6.194585e-01 1.715871e+00 1.363974e+00	
3.619109e+05	1.225653e+00 1.521294e+00 1.363972e+00	
3.621225e+05	7.790777e-01 1.838805e+00 1.364014e+00	
3.649410e+05	9.053363e-01 1.706845e+00 1.364006e+00	
3.661580e+05	9.920335e-01 1.565510e+00 1.363952e+00	
4.783650e+05	6.298470e-01 1.854766e+00 1.363966e+00	
4.782964e+05	5.204994e-01 1.833970e+00 1.363956e+00	
3.728115e+05	7.041014e-01 1.830829e+00 1.363964e+00	
4.816775e+05	6.919757e-01 1.768834e+00 1.363984e+00	
3.587967e+05	9.952533e-01 1.644451e+00 1.363998e+00	
3.780953e+05	1.102484e+00 1.576672e+00 1.363981e+00	
4.870259e+05	5.543830e-01 1.917257e+00 1.363958e+00	
4.506237e+05	5.384714e-01 1.336216e+00 1.364000e+00	
4.977379e+05	9.450236e-01 1.722035e+00 1.363951e+00	
4.981308e+05	5.451192e-01 1.659607e+00 1.363987e+00	
4.612766e+05	1.163485e+00 1.722081e+00 1.363970e+00	
5.096730e+05	4.543220e-01 1.441124e+00 1.363942e+00	
3.866265e+05	1.108572e+00 1.858463e+00 1.363975e+00	
5.116407e+05	6.319381e-01 1.864241e+00 1.363979e+00	
5.163455e+05	6.833163e-01 1.756506e+00 1.363984e+00	
5.185018e+05	8.419779e-01 1.675663e+00 1.364032e+00	
5.239418e+05	6.893659e-01 1.971439e+00 1.363985e+00	
5.306432e+05	7.814799e-01 1.955607e+00 1.363993e+00	
5.322498e+05	5.981912e-01 1.908763e+00 1.363944e+00	
5.390352e+05	7.392933e-01 1.922282e+00 1.363977e+00	
5.487052e+05	4.968986e-01 1.750680e+00 1.363952e+00	
4.154263e+05	1.178426e+00 1.866717e+00 1.364015e+00	
5.546976e+05	6.329905e-01 1.559433e+00 1.364012e+00	
5.106183e+05	6.178865e-01 1.872830e+00 1.364010e+00	
5.550246e+05	6.472732e-01 1.647134e+00 1.363988e+00	
5.153105e+05	5.912623e-01 1.910950e+00 1.363982e+00	
5.618286e+05	8.502563e-01 1.942725e+00 1.363980e+00	
5.159232e+05	1.445592e+00 1.821094e+00 1.363951e+00	
5.571191e+05	5.788076e-01 1.849652e+00 1.364002e+00	
4.262008e+05	4.951638e-01 1.554578e+00 1.364015e+00	
5.623492e+05	6.263162e-01 1.739299e+00 1.364025e+00	
4.199827e+05	6.293174e-01 1.969693e+00 1.363967e+00	
5.636785e+05	9.656643e-01 1.811568e+00 1.364008e+00	
5.710264e+05	8.998308e-01 1.872324e+00 1.363963e+00	
5.741527e+05	1.298543e+00 1.757143e+00 1.364029e+00	
5.765279e+05	5.456344e-01 1.823454e+00 1.363966e+00	
4.370297e+05	6.848094e-01 1.867905e+00 1.364005e+00	
5.857903e+05	5.805189e-01 1.942588e+00 1.363960e+00	
5.389718e+05	5.661504e-01 1.785954e+00 1.363977e+00	
5.892456e+05	8.734756e-01 1.885408e+00 1.363958e+00	
5.429678e+05	6.270311e-01 1.816317e+00 1.363959e+00	
4.343900e+05	6.041173e-01 1.940835e+00 1.364002e+00	
4.434354e+05	1.064269e+00 1.750618e+00 1.364026e+00	
4.298349e+05	1.368092e+00 1.543686e+00 1.363949e+00	
4.301973e+05	1.132655e+00 1.702551e+00 1.363949e+00	
5.967214e+05	5.843392e-01 1.878171e+00 1.363994e+00	
5.558826e+05	4.780868e-01 1.822139e+00 1.363962e+00	
5.595651e+05	9.830201e-01 1.782917e+00 1.364019e+00	
4.510823e+05	9.019062e-01 1.695659e+00 1.364012e+00	
6.096411e+05	5.886643e-01 1.792145e+00 1.363999e+00	
6.150211e+05	5.964537e-01 1.944954e+00 1.364005e+00	
6.156170e+05	7.469782e-01 1.687373e+00 1.363991e+00	
4.496279e+05	8.315183e-01 1.740724e+00 1.363961e+00	
6.237793e+05	5.749851e-01 1.903495e+00 1.363979e+00	
4.572312e+05	7.796927e-01 1.804560e+00 1.363988e+00	
6.251866e+05	8.890775e-01 1.854521e+00 1.363982e+00	
6.274259e+05	4.678251e-01 1.828489e+00 1.363980e+00	
6.273473e+05	6.255502e-01 1.973056e+00 1.364026e+00	
4.538461e+05	9.343485e-01 1.691047e+00 1.363995e+00	
6.316597e+05	5.554527e-01 1.910034e+00 1.363996e+00	
4.624844e+05	7.322759e-01 1.935752e+00 1.364000e+00	
6.420924e+05	6.224153e-01 1.853356e+00 1.364015e+00	
4.624946e+05	6.935010e-01 1.829139e+00 1.363980e+00	
4.678101e+05	6.612256e-01 1.765370e+00 1.363981e+00	
6.528037e+05	5.533990e-01 1.824749e+00 1.363956e+00	
4.709619e+05	5.758107e-01 1.894452e+00 1.363955e+00	
6.596180e+05	7.741473e-01 1.892305e+00 1.364020e+00	
6.543739e+05	9.162960e-01 1.762327e+00 1.364005e+00	
6.602561e+05	4.529498e-01 1.632881e+00 1.364015e+00	
6.630270e+05	5.389271e-01 1.879996e+00 1.364026e+00	
4.975499e+05	5.879121e-01 1.883599e+00 1.363973e+00	
4.885275e+05	8.563789e-01 1.903368e+00 1.363991e+00	
6.284369e+05	6.456986e-01 1.813653e+00 1.364009e+00	
4.968741e+05	6.393049e-01 1.927025e+00 1.363963e+00	
6.286552e+05	5.156866e-01 1.831390e+00 1.363949e+00	
6.340570e+05	9.660224e-01 1.693980e+00 1.363995e+00	
4.876712e+05	6.567539e-01 1.983881e+00 1.363989e+00	
6.774276e+05	5.289421e-01 1.880832e+00 1.363968e+00	
4.999298e+05	5.533422e-01 1.847165e+00 1.363982e+00	
6.841136e+05	7.202196e-01 1.863162e+00 1.363996e+00	
6.839688e+05	5.104113e-01 1.742036e+00 1.364025e+00	
6.842998e+05	7.547175e-01 1.604237e+00 1.364001e+00	
6.792105e+05	5.709224e-01 1.662381e+00 1.363949e+00	
6.855051e+05	1.890715e+00 1.804293e+00 1.363993e+00	
6.531315e+05	7.502786e-01 1.711166e+00 1.363971e+00	
6.864487e+05	7.690208e-01 1.740993e+00 1.364017e+00	
6.591190e+05	1.108458e+00 1.585043e+00 1.364032e+00	
7.003264e+05	6.716800e-01 1.946916e+00 1.363954e+00	
7.054198e+05	5.560061e-01 1.699146e+00 1.364007e+00	
5.324854e+05	1.014145e+00 1.764580e+00 1.363982e+00	
7.085215e+05	5.149530e-01 1.543366e+00 1.364019e+00	
7.007525e+05	6.514732e-01 1.940445e+00 1.363940e+00	
5.226174e+05	6.385331e-01 1.825853e+00 1.363959e+00	
7.136760e+05	7.767505e-01 1.502953e+00 1.363938e+00	
5.313846e+05	5.710753e-01 1.875953e+00 1.364000e+00	
5.177926e+05	5.495140e-01 1.904484e+00 1.364021e+00	
6.745718e+05	5.300018e-01 1.678299e+00 1.364017e+00	
5.283438e+05	1.087271e+00 1.881017e+00 1.363944e+00	
6.781582e+05	1.654825e+00 1.817389e+00 1.364017e+00	
5.376508e+05	4.561244e-01 1.802132e+00 1.364012e+00	
7.123445e+05	6.581784e-01 1.988412e+00 1.364018e+00	
5.455257e+05	5.653879e-01 1.879505e+00 1.363996e+00	
6.847118e+05	1.193062e+00 1.800400e+00 1.364007e+00	
5.385460e+05	1.574946e+00 1.758832e+00 1.363975e+00	
6.912209e+05	9.478535e-01 1.823706e+00 1.363954e+00	
7.268514e+05	1.233140e+00 1.695080e+00 1.363975e+00	
7.373968e+05	1.152013e+00 1.741616e+00 1.363953e+00	
5.552447e+05	4.962105e-01 1.848635e+00 1.363946e+00	
7.384926e+05	8.067573e-01 1.761903e+00 1.364016e+00	
5.525124e+05	7.987725e-01 1.771938e+00 1.363968e+00	
7.352839e+05	8.667674e-01 1.700587e+00 1.364001e+00	
7.390278e+05	1.247687e+00 1.815806e+00 1.363947e+00	
5.575266e+05	1.244346e+00 1.862697e+00 1.363949e+00	
7.085467e+05	8.743565e-01 1.778581e+00 1.363934e+00	
5.486568e+05	4.861558e-01 1.699379e+00 1.363963e+00	
7.596212e+05	6.944046e-01 1.729478e+00 1.363946e+00	
5.707683e+05	7.176166e-01 1.928768e+00 1.364003e+00	
7.525251e+05	7.193579e-01 1.916814e+00 1.363954e+00	
5.510276e+05	6.400511e-01 1.392632e+00 1.363953e+00	
7.599366e+05	5.255799e-01 1.755007e+00 1.364024e+00	
7.521829e+05	7.434770e-01 1.691229e+00 1.364003e+00	
7.576033e+05	8.255995e-01 1.844878e+00 1.363989e+00	
5.775609e+05	7.434364e-01 1.763976e+00 1.363968e+00	
7.734734e+05	6.777959e-01 1.737217e+00 1.363971e+00	
7.707598e+05	8.489767e-01 1.687226e+00 1.363961e+00	
5.691056e+05	5.878557e-01 1.898699e+00 1.364007e+00	
7.283939e+05	9.587515e-01 1.774772e+00 1.363980e+00	
7.784151e+05	7.118899e-01 1.681372e+00 1.364030e+00	
7.671156e+05	7.320746e-01 1.600559e+00 1.363996e+00	
5.889566e+05	7.430204e-01 1.814562e+00 1.363963e+00	
5.954263e+05	1.120280e+00 1.638338e+00 1.364017e+00	
7.840555e+05	5.675561e-01 1.930600e+00 1.364006e+00	
7.468471e+05	5.923411e-01 1.905194e+00 1.363938e+00	
7.490065e+05	4.603305e-01 1.794685e+00 1.364025e+00	
7.916159e+05	9.634768e-01 1.799024e+00 1.364012e+00	
7.932377e+05	1.209872e+00 1.417294e+00 1.363941e+00	
7.567513e+05	4.975286e-01 1.699928e+00 1.364021e+00	
5.827663e+05	1.228483e+00 1.866070e+00 1.363997e+00	
7.957040e+05	8.029297e-01 1.909091e+00 1.363981e+00	
7.614098e+05	5.478922e-01 1.904524e+00 1.363952e+00	
8.103871e+05	7.481458e-01 1.434717e+00 1.363975e+00	
8.156074e+05	5.567720e-01 1.590338e+00 1.363978e+00	
8.170603e+05	5.437964e-01 1.868522e+00 1.363976e+00	
8.213898e+05	1.019741e+00 1.897164e+00 1.363983e+00	
7.931348e+05	4.683155e-01 1.699140e+00 1.363935e+00	
8.353912e+05	6.522168e-01 1.901092e+00 1.364019e+00	
8.035399e+05	5.250209e-01 1.888850e+00 1.363955e+00	
8.352739e+05	6.653267e-01 1.928301e+00 1.363957e+00	
8.355806e+05	7.852625e-01 1.805238e+00 1.363975e+00	
8.430796e+05	9.287128e-01 1.730014e+00 1.364019e+00	
8.447874e+05	5.656519e-01 1.783882e+00 1.363948e+00	
8.164548e+05	5.519556e-01 1.879104e+00 1.364006e+00	
6.234583e+05	5.621032e-01 1.558642e+00 1.363992e+00	
8.191219e+05	5.403575e-01 1.862597e+00 1.364014e+00	
8.639403e+05	8.305797e-01 1.764262e+00 1.363995e+00	
8.625869e+05	1.034426e+00 1.766425e+00 1.363966e+00	
8.610570e+05	1.180487e+00 1.586022e+00 1.364020e+00	
8.618228e+05	6.217518e-01 1.932936e+00 1.363998e+00	
8.656344e+05	8.491849e-01 1.739108e+00 1.363998e+00	
8.671975e+05	7.187470e-01 1.664829e+00 1.364018e+00	
6.493870e+05	1.054764e+00 1.574567e+00 1.363938e+00	
6.499890e+05	1.511377e+00 1.766959e+00 1.363966e+00	
8.699223e+05	5.148298e-01 1.828970e+00 1.363976e+00	
8.803837e+05	6.233066e-01 1.869127e+00 1.363991e+00	
6.449058e+05	6.701589e-01 1.846182e+00 1.364021e+00	
6.553325e+05	6.434116e-01 1.921987e+00 1.363985e+00	
6.471456e+05	7.897181e-01 1.641745e+00 1.363962e+00	
8.831035e+05	7.508849e-01 1.910254e+00 1.363946e+00	
6.583701e+05	6.554837e-01 1.944421e+00 1.363998e+00	
8.892809e+05	5.758274e-01 1.338459e+00 1.363995e+00	
6.472359e+05	8.494247e-01 1.764572e+00 1.363949e+00	
8.858447e+05	6.726085e-01 1.872464e+00 1.363988e+00	
6.496442e+05	6.180293e-01 1.961499e+00 1.363991e+00	
8.945892e+05	5.005187e-01 1.831225e+00 1.363939e+00	
6.518054e+05	6.612405e-01 1.195465e+00 1.363955e+00	
6.665361e+05	6.017305e-01 1.842795e+00 1.364023e+00	
6.678036e+05	1.573367e+00 1.834955e+00 1.364009e+00	
6.529698e+05	5.923332e-01 1.783396e+00 1.364005e+00	
6.711927e+05	4.947440e-01 1.816230e+00 1.364013e+00	
9.018307e+05	9.905630e-01 1.726683e+00 1.363961e+00	
9.037313e+05	8.589631e-01 1.762937e+00 1.363949e+00	
6.641399e+05	4.513091e-01 1.815039e+00 1.363959e+00	
9.034510e+05	7.425806e-01 1.750789e+00 1.363940e+00	
9.074756e+05	4.803719e-01 1.150324e+00 1.364018e+00	
6.668263e+05	5.808760e-01 1.889844e+00 1.364015e+00	
6.770729e+05	5.082445e-01 1.872222e+00 1.364018e+00	
9.049835e+05	6.381224e-01 1.986059e+00 1.364004e+00	
6.690703e+05	6.297133e-01 1.946432e+00 1.364011e+00	
6.789958e+05	9.304307e-01 1.848313e+00 1.363962e+00	
3.279687e+04	5.946178e-01 1.892930e+00 1.363986e+00	
6.716830e+05	8.094822e-01 1.700664e+00 1.364030e+00	
3.800820e+04	4.805815e-01 1.812197e+00 1.363980e+00	
2.965664e+04	7.018285e-01 1.841896e+00 1.363986e+00	
9.250518e+05	6.918277e-01 1.616822e+00 1.364005e+00	
9.208126e+05	1.044260e+00 1.833020e+00 1.363937e+00	
9.323845e+05	1.223380e+00 1.791013e+00 1.363999e+00	
8.861790e+05	4.666088e-01 1.767514e+00 1.363981e+00	
9.343533e+05	9.597263e-01 1.681885e+00 1.363965e+00	
6.970786e+05	7.142032e-01 1.626187e+00 1.364021e+00	
9.344599e+05	6.279236e-01 1.982661e+00 1.363987e+00	
9.332188e+05	6.915478e-01 1.914002e+00 1.364006e+00	
6.895799e+05	5.815303e-01 1.945158e+00 1.363953e+00	
5.703409e+04	7.622888e-01 1.198904e+00 1.363981e+00	
4.883189e+04	9.306530e-01 1.815171e+00 1.363977e+00	
5.280786e+04	7.442513e-01 1.711761e+00 1.363999e+00	
9.502355e+05	6.541101e-01 1.808973e+00 1.364034e+00	
5.673356e+04	8.596413e-01 1.851013e+00 1.363995e+00	
9.584961e+05	1.158611e+00 1.782898e+00 1.363997e+00	
5.841130e+04	7.735693e-01 1.669069e+00 1.363996e+00	
9.616137e+05	6.109494e-01 1.957107e+00 1.363944e+00	
7.140213e+05	6.184836e-01 1.727968e+00 1.363995e+00	
7.338835e+04	6.355537e-01 1.700700e+00 1.363972e+00	
9.169805e+05	6.195677e-01 1.172461e+00 1.363975e+00	
7.007173e+05	5.153001e-01 1.834108e+00 1.364026e+00	
7.204134e+05	5.817797e-01 1.934093e+00 1.363983e+00	
7.021715e+05	7.453120e-01 1.807476e+00 1.363959e+00	
9.273001e+05	1.082224e+00 1.701847e+00 1.364038e+00	
7.081282e+05	8.032818e-01 1.718553e+00 1.364008e+00	
9.288301e+05	1.043473e+00 1.674546e+00 1.364007e+00	
7.240891e+05	7.550619e-01 1.681852e+00 1.363985e+00	
9.803301e+05	7.126057e-01 1.857531e+00 1.363977e+00	
9.329141e+05	7.204733e-01 1.916810e+00 1.363945e+00	
7.835458e+04	5.597672e-01 1.798927e+00 1.363979e+00	
9.363804e+05	6.982541e-01 1.831229e+00 1.363952e+00	
9.823033e+05	5.383441e-01 1.844782e+00 1.364021e+00	
7.312342e+05	5.849876e-01 1.785910e+00 1.364027e+00	
7.240724e+05	5.705348e-01 1.846400e+00 1.363985e+00	
9.872347e+05	5.049385e-01 1.848355e+00 1.363967e+00	
8.698271e+04	1.250376e+00 1.733066e+00 1.363973e+00	
9.917206e+05	6.034255e-01 1.813890e+00 1.363970e+00	
7.439765e+05	7.873686e-01 1.790373e+00 1.364018e+00	
1.023507e+05	8.721691e-01 1.810658e+00 1.363980e+00	
9.931138e+05	6.509458e-01 1.722168e+00 1.363933e+00	
9.307578e+04	8.299618e-01 1.538993e+00 1.363995e+00	
1.000452e+06	9.483583e-01 1.887821e+00 1.364033e+00	
9.646341e+04	7.041494e-01 1.920157e+00 1.363973e+00	
1.090409e+05	5.520890e-01 1.188710e+00 1.363984e+00	
7.535539e+05	8.457810e-01 1.889416e+00 1.363936e+00	
1.018257e+05	1.066933e+00 1.788362e+00 1.363984e+00	
9.588467e+05	5.416943e-01 1.195816e+00 1.364002e+00	
1.142641e+05	7.959563e-01 1.804348e+00 1.363991e+00	
3.514862e+04	5.330321e-01 1.742316e+00 1.363975e+00	
7.680864e+05	5.939086e-01 1.753779e+00 1.364032e+00	
9.734294e+05	8.326433e-01 1.959578e+00 1.364036e+00	
7.686177e+05	4.363551e-01 1.798974e+00 1.363939e+00	
1.320015e+05	7.849229e-01 1.946735e+00 1.363979e+00	
4.019749e+04	8.452862e-01 1.741463e+00 1.363975e+00	
7.534207e+05	7.162434e-01 1.571436e+00 1.364038e+00	
1.387016e+05	5.719047e-01 1.914178e+00 1.363973e+00	
7.776515e+05	5.255162e-01 1.866942e+00 1.364028e+00	
9.849042e+05	5.771041e-01 1.892343e+00 1.364003e+00	
1.031297e+06	8.136077e-01 1.713591e+00 1.363956e+00	
4.961048e+04	6.888903e-01 1.479244e+00 1.363977e+00	
1.467322e+05	4.774771e-01 9.632961e-01 1.363991e+00	
9.913828e+05	6.253484e-01 1.898052e+00 1.363964e+00	
1.385987e+05	5.519478e-01 1.913105e+00 1.363978e+00	
5.476460e+04	7.515633e-01 1.796117e+00 1.363997e+00	
9.960839e+05	5.839487e-01 1.759622e+00 1.363944e+00	
5.664416e+04	5.451132e-01 1.881022e+00 1.363978e+00	
5.900813e+04	7.018532e-01 1.668029e+00 1.363970e+00	
1.000395e+06	5.697363e-01 1.869052e+00 1.364017e+00	
1.001754e+06	1.149389e+00 1.724886e+00 1.364037e+00	
6.108909e+04	8.910368e-01 1.757151e+00 1.363995e+00	
7.957558e+05	5.125508e-01 1.831289e+00 1.364034e+00	
1.004139e+06	5.749345e-01 1.901454e+00 1.363996e+00	
6.334142e+04	5.817546e-01 1.648060e+00 1.363980e+00	
1.048803e+06	5.570914e-01 1.920991e+00 1.364006e+00	
7.928811e+05	6.150858e-01 1.965618e+00 1.363955e+00	
7.941742e+05	1.339825e+00 1.827892e+00 1.364022e+00	
1.045357e+06	5.972091e-01 1.909432e+00 1.364021e+00	
1.585556e+05	7.211260e-01 1.716261e+00 1.363983e+00	
1.047956e+06	8.256051e-01 1.777887e+00 1.363947e+00	
7.126697e+04	8.845674e-01 1.882504e+00 1.363976e+00	
7.213852e+04	9.458458e-01 1.945265e+00 1.363995e+00	
7.580054e+04	9.155902e-01 1.803093e+00 1.363989e+00	
1.017761e+06	1.051483e+00 1.759482e+00 1.364021e+00	
7.890895e+05	8.879065e-01 1.670831e+00 1.364017e+00	
1.803259e+05	1.161359e+00 1.528329e+00 1.363987e+00	
1.816401e+05	9.938287e-01 1.471984e+00 1.363983e+00	
1.021353e+06	1.238884e+00 1.804722e+00 1.363943e+00	
1.784592e+05	1.213708e+00 1.654559e+00 1.363997e+00	
8.478132e+04	7.202920e-01 1.849330e+00 1.363995e+00	
1.025377e+06	8.553749e-01 1.859974e+00 1.363948e+00	
8.139200e+05	7.028466e-01 1.634658e+00 1.363934e+00	
1.856337e+05	5.660739e-01 1.923522e+00 1.363985e+00	
1.958074e+05	5.806148e-01 1.927707e+00 1.363975e+00	
9.293127e+04	9.728315e-01 1.708794e+00 1.363999e+00	
1.032263e+06	5.999164e-01 1.915154e+00 1.363961e+00	
1.034371e+06	5.251751e-01 1.480406e+00 1.363998e+00	
1.002487e+05	8.038638e-01 1.612005e+00 1.363990e+00	
1.087580e+06	5.741245e-01 1.678594e+00 1.363990e+00	
1.087713e+06	7.072545e-01 1.874744e+00 1.363968e+00	
1.090125e+06	5.997968e-01 1.953848e+00 1.364013e+00	
1.202655e+05	7.177049e-01 1.865375e+00 1.363974e+00	
1.212663e+05	9.228324e-01 1.866143e+00 1.363986e+00	
1.096486e+06	5.764014e-01 1.937185e+00 1.364015e+00	
8.305800e+05	1.062175e+00 1.577142e+00 1.364007e+00	
1.104583e+06	4.581134e-01 1.704177e+00 1.363945e+00	
1.268226e+05	1.153866e+00 1.436189e+00 1.363988e+00	
1.268267e+05	9.542485e-01 1.690289e+00 1.363983e+00	
1.276297e+05	9.210200e-01 1.576003e+00 1.363996e+00	
1.102043e+06	6.656773e-01 1.801100e+00 1.363950e+00	
8.289741e+05	5.517312e-01 1.481345e+00 1.363958e+00	
1.110695e+06	7.155965e-01 1.532872e+00 1.363956e+00	
1.328160e+05	5.297025e-01 1.728547e+00 1.363985e+00	
1.107100e+06	1.088877e+00 1.446391e+00 1.364017e+00	
2.311615e+05	7.340303e-01 1.863201e+00 1.363982e+00	
1.112224e+06	6.435491e-01 1.955968e+00 1.364022e+00	
1.346883e+05	6.462844e-01 1.864593e+00 1.363976e+00	
8.505732e+05	7.993832e-01 1.760292e+00 1.363943e+00	
1.114920e+06	7.232077e-01 1.657185e+00 1.364025e+00	
1.071762e+06	1.179367e+00 1.570023e+00 1.363948e+00	
2.354198e+05	1.109353e+00 1.958072e+00 1.363972e+00	
1.112877e+06	5.994131e-01 1.824850e+00 1.364025e+00	
1.439531e+05	5.495096e-01 1.910727e+00 1.363987e+00	
8.529903e+05	1.086297e+00 1.761750e+00 1.364038e+00	
1.121435e+06	8.392701e-01 1.379977e+00 1.363948e+00	
1.130925e+06	7.357559e-01 1.614133e+00 1.364003e+00	
1.122055e+06	4.897841e-01 1.768807e+00 1.363954e+00	
1.083245e+06	6.026569e-01 1.789353e+00 1.363949e+00	
8.562947e+05	7.588760e-01 1.714817e+00 1.363955e+00	
8.501632e+05	6.437114e-01 1.921801e+00 1.363937e+00	
1.595870e+05	5.812049e-01 1.886734e+00 1.363967e+00	
2.454789e+05	8.339702e-01 1.842614e+00 1.364003e+00	
2.472940e+05	1.327784e+00 1.839218e+00 1.364001e+00	
1.140166e+06	8.019882e-01 1.890593e+00 1.363938e+00	
8.647365e+05	7.867280e-01 1.800773e+00 1.364003e+00	
1.136737e+06	7.254853e-01 1.737166e+00 1.363954e+00	
2.576259e+05	6.962808e-01 1.775900e+00 1.363996e+00	
2.527562e+05	8.778712e-01 1.664348e+00 1.363993e+00	
1.710109e+05	4.311842e-01 1.729196e+00 1.363970e+00	
2.598480e+05	5.162287e-01 1.455176e+00 1.363973e+00	
8.558048e+05	6.612143e-01 1.917200e+00 1.364000e+00	
1.144051e+06	1.056795e+00 1.550479e+00 1.363994e+00	
2.625719e+05	5.100702e-01 1.865888e+00 1.363991e+00	
1.144985e+06	5.464365e-01 1.899953e+00 1.363964e+00	
2.657947e+05	7.742760e-01 1.957569e+00 1.363996e+00	
1.106471e+06	1.138513e+00 1.740885e+00 1.363942e+00	
8.628684e+05	6.622498e-01 1.683103e+00 1.364016e+00	
1.108123e+06	7.955968e-01 1.706327e+00 1.363950e+00	
1.110405e+06	5.997805e-01 1.790694e+00 1.364025e+00	
8.720723e+05	6.256212e-01 1.763380e+00 1.364011e+00	
1.156008e+06	6.522405e-01 1.686822e+00 1.363980e+00	
8.874150e+05	4.719130e-01 1.834895e+00 1.363983e+00	
1.163649e+06	1.009819e+00 1.796042e+00 1.363969e+00	
1.164388e+06	5.457587e-01 1.893194e+00 1.363989e+00	
8.918589e+05	7.097742e-01 1.578784e+00 1.363995e+00	
8.921257e+05	5.758667e-01 1.885821e+00 1.364007e+00	
2.803780e+05	5.311123e-01 8.368006e-01 1.363999e+00	
1.167210e+06	6.835325e-01 1.710219e+00 1.364016e+00	
1.988725e+05	1.212177e+00 1.609678e+00 1.363965e+00	
8.733462e+05	1.039825e+00 1.850531e+00 1.363951e+00	
8.815085e+05	1.144221e+00 1.690721e+00 1.364024e+00	
2.008538e+05	7.573366e-01 1.628430e+00 1.364013e+00	
1.168490e+06	7.118068e-01 1.862657e+00 1.363945e+00	
8.756675e+05	1.067078e+00 1.846184e+00 1.363971e+00	
2.871265e+05	9.107638e-01 1.421497e+00 1.364019e+00	
2.877409e+05	8.820243e-01 1.699070e+00 1.363974e+00	
1.173584e+06	1.188748e+00 1.758274e+00 1.363965e+00	
9.016921e+05	7.011111e-01 1.912369e+00 1.363943e+00	
2.933632e+05	1.205564e+00 1.696823e+00 1.363992e+00	
1.187309e+06	7.560503e-01 1.775755e+00 1.363999e+00	
1.189376e+06	9.026981e-01 1.530112e+00 1.364016e+00	
9.061399e+05	5.852342e-01 1.913498e+00 1.363959e+00	
9.185044e+05	1.146943e+00 1.716882e+00 1.364020e+00	
1.194829e+06	7.119259e-01 1.840807e+00 1.363988e+00	
2.261555e+05	1.390504e+00 1.735222e+00 1.363989e+00	
1.203582e+06	1.007169e+00 1.807458e+00 1.364017e+00	
9.147929e+05	4.629043e-01 1.757945e+00 1.363963e+00	
9.243610e+05	9.133314e-01 1.820532e+00 1.363973e+00	
3.181954e+05	1.308301e+00 1.872188e+00 1.363957e+00	
9.184799e+05	5.583603e-01 1.741393e+00 1.364007e+00	
3.159736e+05	7.477795e-01 1.860386e+00 1.364009e+00	
9.149307e+05	7.746024e-01 1.859854e+00 1.363934e+00	
1.207906e+06	6.238568e-01 1.738402e+00 1.363971e+00	
9.225260e+05	6.123740e-01 1.853274e+00 1.363948e+00	
9.322152e+05	6.465142e-01 1.922667e+00 1.363999e+00	
1.214938e+06	8.895567e-01 1.883253e+00 1.363941e+00	
1.212249e+06	8.908885e-01 1.670531e+00 1.364014e+00	
1.214935e+06	6.382794e-01 1.766052e+00 1.364020e+00	
3.248631e+05	5.086126e-01 1.656063e+00 1.363998e+00	
1.217985e+06	5.605540e-01 1.920095e+00 1.363979e+00	
2.455479e+05	1.107857e+00 1.893697e+00 1.364000e+00	
1.220159e+06	9.021900e-01 1.620003e+00 1.364018e+00	
3.397054e+05	7.120923e-01 2.009301e+00 1.363978e+00	
3.323015e+05	8.357986e-01 1.822443e+00 1.363956e+00	
9.374794e+05	1.534152e+00 1.895867e+00 1.364013e+00	
9.381078e+05	8.114010e-01 1.826998e+00 1.363951e+00	
1.185954e+06	5.832446e-01 1.698349e+00 1.364016e+00	
1.229288e+06	6.614418e-01 1.502934e+00 1.363989e+00	
1.233730e+06	5.779650e-01 1.906324e+00 1.363987e+00	
9.478090e+05	5.676108e-01 1.816999e+00 1.364022e+00	
9.436317e+05	1.354018e+00 1.876801e+00 1.364019e+00	
3.594537e+05	7.256313e-01 1.777393e+00 1.363978e+00	
1.246458e+06	4.888613e-01 1.772331e+00 1.363982e+00	
9.741251e+05	9.960625e-01 1.869137e+00 1.363949e+00	
1.254687e+06	5.780318e-01 1.932970e+00 1.364003e+00	
1.250553e+06	1.809408e+00 1.876490e+00 1.363983e+00	
9.490598e+05	5.469932e-01 1.663956e+00 1.364004e+00	
2.817545e+05	5.046003e-01 1.786782e+00 1.363993e+00	
1.216144e+06	6.270733e-01 1.897095e+00 1.363979e+00	
3.795088e+05	9.956110e-01 1.753163e+00 1.364015e+00	
1.258051e+06	8.906513e-01 1.870041e+00 1.363972e+00	
3.740820e+05	6.717501e-01 1.501607e+00 1.363957e+00	
1.217775e+06	8.714021e-01 1.692500e+00 1.363960e+00	
9.630591e+05	1.181749e+00 1.822811e+00 1.364022e+00	
1.258022e+06	6.020455e-01 1.745021e+00 1.363951e+00	
3.876076e+05	6.118766e-01 1.922674e+00 1.363964e+00	
3.877546e+05	1.120320e+00 1.822960e+00 1.363987e+00	
3.884837e+05	4.968730e-01 1.533243e+00 1.364003e+00	
1.266075e+06	8.718282e-01 1.791926e+00 1.363997e+00	
9.601912e+05	5.771675e-01 1.854599e+00 1.363955e+00	
9.778830e+05	6.203194e-01 1.970280e+00 1.364016e+00	
9.724513e+05	7.380100e-01 1.855496e+00 1.363951e+00	
9.940694e+05	1.422615e+00 1.806379e+00 1.363976e+00	
1.273600e+06	1.061853e+00 1.694478e+00 1.363983e+00	
2.997660e+05	6.913326e-01 1.545784e+00 1.363992e+00	
3.035732e+05	8.254656e-01 1.889832e+00 1.363976e+00	
1.278979e+06	6.524659e-01 1.933364e+00 1.363974e+00	
3.058818e+05	4.774818e-01 1.815111e+00 1.363958e+00	
3.062531e+05	1.049215e+00 1.713418e+00 1.363982e+00	
9.890131e+05	9.099457e-01 2.010895e+00 1.364025e+00	
3.076010e+05	5.184541e-01 1.797511e+00 1.363973e+00	
1.277354e+06	6.378501e-01 1.647817e+00 1.364000e+00	
1.003460e+06	5.434570e-01 1.804938e+00 1.364007e+00	
4.070215e+05	1.076959e+00 1.784941e+00 1.363967e+00	
4.089681e+05	9.179287e-01 1.750574e+00 1.363988e+00	
1.251356e+06	7.477479e-01 1.777486e+00 1.363963e+00	
1.301520e+06	5.930860e-01 1.451977e+00 1.364025e+00	
9.963472e+05	9.972250e-01 1.631004e+00 1.363987e+00	
1.020655e+06	4.870826e-01 9.555016e-01 1.363934e+00	
3.369376e+05	1.164766e+00 1.777975e+00 1.363957e+00	
1.008331e+06	6.273109e-01 1.852326e+00 1.363957e+00	
1.015185e+06	1.316528e+00 1.646005e+00 1.363974e+00	
1.312963e+06	5.456389e-01 1.767356e+00 1.364007e+00	
4.358261e+05	6.299673e-01 1.958895e+00 1.363999e+00	
1.313821e+06	9.595303e-01 1.765882e+00 1.363952e+00	
4.396342e+05	5.098109e-01 1.694306e+00 1.364013e+00	
1.008135e+06	1.005044e+00 1.603687e+00 1.363966e+00	
1.277646e+06	4.740696e-01 1.823467e+00 1.363997e+00	
1.024585e+06	9.412573e-01 1.870499e+00 1.364037e+00	
1.323429e+06	7.341692e-01 1.912995e+00 1.364003e+00	
1.036862e+06	7.004489e-01 1.881017e+00 1.363947e+00	
1.014795e+06	1.204207e+00 1.829113e+00 1.363959e+00	
1.284734e+06	8.470284e-01 1.711296e+00 1.363994e+00	
1.284880e+06	5.926932e-01 1.939216e+00 1.364013e+00	
1.327624e+06	7.039972e-01 1.807421e+00 1.363971e+00	
3.615891e+05	5.115915e-01 1.597602e+00 1.363969e+00	
4.477709e+05	9.919039e-01 1.721406e+00 1.363962e+00	
1.335960e+06	5.895558e-01 1.844026e+00 1.363982e+00	
3.740300e+05	8.628423e-01 1.377011e+00 1.364010e+00	
1.342533e+06	4.749725e-01 1.664345e+00 1.364016e+00	
4.625152e+05	7.977930e-01 1.917387e+00 1.364029e+00	
4.589969e+05	4.579172e-01 1.196164e+00 1.363956e+00	
1.299729e+06	6.485335e-01 1.559959e+00 1.364004e+00	
3.786074e+05	6.038085e-01 1.954737e+00 1.363989e+00	
4.646198e+05	8.966066e-01 1.787898e+00 1.364018e+00	
1.350579e+06	1.470906e+00 1.842324e+00 1.363989e+00	
1.354249e+06	6.115295e-01 1.751080e+00 1.364013e+00	
3.899899e+05	6.654844e-01 1.939769e+00 1.363995e+00	
1.357140e+06	6.556484e-01 1.908555e+00 1.364022e+00	
4.749096e+05	5.811875e-01 1.944895e+00 1.363990e+00	
4.771668e+05	5.746566e-01 1.851152e+00 1.363989e+00	
4.015125e+05	1.004501e+00 1.863225e+00 1.363989e+00	
1.321952e+06	5.700567e-01 1.861771e+00 1.363970e+00	
1.370662e+06	7.776646e-01 1.820112e+00 1.363961e+00	
1.332335e+06	1.067618e+00 1.675246e+00 1.363981e+00	
1.385778e+06	5.988211e-01 1.672316e+00 1.363973e+00	
5.007875e+05	7.728983e-01 1.825494e+00 1.363981e+00	
1.069661e+06	6.726030e-01 1.954155e+00 1.364029e+00	
1.070700e+06	5.799696e-01 1.819659e+00 1.363955e+00	
1.390536e+06	1.034722e+00 1.851926e+00 1.363977e+00	
1.398082e+06	7.846341e-01 1.806898e+00 1.364008e+00	
1.349745e+06	5.458276e-01 1.694586e+00 1.363991e+00	
5.115951e+05	5.533407e-01 1.782234e+00 1.363975e+00	
1.067177e+06	6.673796e-01 1.410775e+00 1.363974e+00	
1.068195e+06	1.112539e+00 1.547478e+00 1.364015e+00	
5.174844e+05	6.888141e-01 1.860378e+00 1.363984e+00	
5.162486e+05	4.652780e-01 1.788823e+00 1.364011e+00	
1.359957e+06	5.991239e-01 1.769618e+00 1.363986e+00	
1.410076e+06	6.909414e-01 1.845962e+00 1.364009e+00	
1.086399e+06	1.242646e+00 1.739409e+00 1.363954e+00	
4.354235e+05	5.348843e-01 1.367742e+00 1.363971e+00	
4.367674e+05	1.166801e+00 1.757808e+00 1.363973e+00	
5.263512e+05	4.916945e-01 1.821619e+00 1.363952e+00	
5.255459e+05	7.525341e-01 1.697181e+00 1.363957e+00	
1.103749e+06	7.776076e-01 1.870964e+00 1.363995e+00	
1.414150e+06	7.766363e-01 1.753642e+00 1.363977e+00	
4.439697e+05	5.227060e-01 1.708361e+00 1.363946e+00	
4.444036e+05	6.024419e-01 1.885939e+00 1.363950e+00	
1.374079e+06	5.482956e-01 1.870899e+00 1.363959e+00	
1.421563e+06	5.971099e-01 1.880507e+00 1.364002e+00	
1.419312e+06	4.978778e-01 1.731089e+00 1.363983e+00	
1.419450e+06	5.706812e-01 1.494397e+00 1.363971e+00	
5.378757e+05	6.987443e-01 1.845938e+00 1.364014e+00	
1.092589e+06	6.853772e-01 1.789962e+00 1.363948e+00	
1.380470e+06	5.554709e-01 1.769809e+00 1.363974e+00	
1.094053e+06	5.279683e-01 1.869809e+00 1.363956e+00	
5.417461e+05	5.127422e-01 1.875564e+00 1.364008e+00	
1.426411e+06	5.004185e-01 1.848579e+00 1.363964e+00	
1.385118e+06	5.677152e-01 1.425216e+00 1.363977e+00	
1.098049e+06	5.406966e-01 1.860111e+00 1.364012e+00	
4.562366e+05	8.984740e-01 1.562012e+00 1.363943e+00	
4.567658e+05	8.830017e-01 1.918702e+00 1.363996e+00	
1.430123e+06	7.765363e-01 1.841631e+00 1.364005e+00	
5.501602e+05	7.788762e-01 1.953441e+00 1.363953e+00	
1.435405e+06	6.117576e-01 1.418871e+00 1.363974e+00	
1.434396e+06	6.301977e-01 1.978102e+00 1.363966e+00	
5.552826e+05	6.310962e-01 1.611985e+00 1.363987e+00	
1.105016e+06	1.144472e+00 1.846475e+00 1.363954e+00	
1.123176e+06	5.872983e-01 1.319576e+00 1.363981e+00	
1.437385e+06	6.674244e-01 1.695425e+00 1.363958e+00	
1.113071e+06	9.613527e-01 1.589389e+00 1.363972e+00	
1.438947e+06	7.567549e-01 1.831565e+00 1.363957e+00	
1.108883e+06	8.288453e-01 1.874465e+00 1.363998e+00	
4.694059e+05	5.493164e-01 1.893674e+00 1.363954e+00	
1.128356e+06	6.349495e-01 1.949523e+00 1.363982e+00	
1.443161e+06	5.428513e-01 1.275258e+00 1.363990e+00	
5.605667e+05	5.591549e-01 1.703976e+00 1.364006e+00	
1.104522e+06	5.007660e-01 1.819999e+00 1.363978e+00	
4.724903e+05	6.190985e-01 1.528321e+00 1.364011e+00	
1.447367e+06	6.590852e-01 1.822385e+00 1.363973e+00	
1.411774e+06	5.589672e-01 1.841536e+00 1.363968e+00	
1.122680e+06	9.539541e-01 1.693930e+00 1.364012e+00	
4.843339e+05	7.026127e-01 1.845950e+00 1.363963e+00	
1.118118e+06	7.967273e-01 1.723152e+00 1.364016e+00	
1.463596e+06	8.147439e-01 1.779781e+00 1.363998e+00	
1.121696e+06	6.510451e-01 1.716455e+00 1.364020e+00	
1.465093e+06	4.636500e-01 1.462134e+00 1.363960e+00	
1.136530e+06	6.138293e-01 1.929391e+00 1.364012e+00	
5.904977e+05	8.788735e-01 1.857729e+00 1.363981e+00	
5.887115e+05	6.048739e-01 1.642353e+00 1.364009e+00	
1.139461e+06	1.425273e+00 1.703320e+00 1.364012e+00	
1.474063e+06	8.657298e-01 1.749442e+00 1.363986e+00	
1.131336e+06	8.313892e-01 1.862041e+00 1.363986e+00	
1.433166e+06	6.275421e-01 1.919542e+00 1.363966e+00	
1.482215e+06	4.977517e-01 1.117090e+00 1.364007e+00	
1.481379e+06	5.623893e-01 1.372709e+00 1.363986e+00	
1.138643e+06	1.417596e+00 1.710517e+00 1.363994e+00	
5.150689e+05	1.417857e+00 1.673683e+00 1.364002e+00	
6.086946e+05	6.812300e-01 2.013033e+00 1.364001e+00	
6.131893e+05	1.332014e+00 1.889890e+00 1.363941e+00	
1.447114e+06	1.530931e+00 1.818288e+00 1.364001e+00	
1.490697e+06	5.447310e-01 1.908251e+00 1.363999e+00	
1.493228e+06	7.430853e-01 1.892156e+00 1.363964e+00	
6.134739e+05	9.090015e-01 1.903147e+00 1.364026e+00	
1.493429e+06	6.381539e-01 1.642361e+00 1.363971e+00	
1.159437e+06	8.167765e-01 1.901998e+00 1.363950e+00	
1.498446e+06	6.391061e-01 1.686967e+00 1.363995e+00	
6.176674e+05	4.744559e-01 1.815262e+00 1.364021e+00	
1.163504e+06	5.799463e-01 1.865188e+00 1.363991e+00	
1.458352e+06	8.009935e-01 1.816752e+00 1.363987e+00	
1.506468e+06	1.083510e+00 1.775786e+00 1.363996e+00	
5.327343e+05	5.962769e-01 1.929162e+00 1.363958e+00	
5.349767e+05	5.384412e-01 1.801931e+00 1.363984e+00	
1.506652e+06	1.455976e+00 1.638497e+00 1.363966e+00	
1.162334e+06	6.160009e-01 1.955241e+00 1.363982e+00	
1.511666e+06	5.430197e-01 1.876882e+00 1.364010e+00	
6.293605e+05	7.888890e-01 1.646912e+00 1.363954e+00	
1.183499e+06	8.818709e-01 1.727015e+00 1.363941e+00	
1.186480e+06	5.544168e-01 1.794554e+00 1.363988e+00	
1.473568e+06	5.060462e-01 1.831898e+00 1.363991e+00	
1.186528e+06	1.196424e+00 1.484495e+00 1.364007e+00	
5.513320e+05	6.415949e-01 1.720913e+00 1.364004e+00	
1.176166e+06	5.435404e-01 1.858212e+00 1.363978e+00	
6.399593e+05	1.034902e+00 1.678453e+00 1.363966e+00	
1.481110e+06	5.917168e-01 1.955274e+00 1.363998e+00	
1.209319e+06	5.595776e-01 1.917775e+00 1.363947e+00	
1.536401e+06	5.332928e-01 1.868183e+00 1.363968e+00	
6.521178e+05	8.721426e-01 1.760611e+00 1.363996e+00	
6.544026e+05	6.418529e-01 1.805431e+00 1.363989e+00	
1.194651e+06	5.982653e-01 1.927498e+00 1.363971e+00	
1.196340e+06	4.978473e-01 1.843978e+00 1.363959e+00	
1.543257e+06	4.842631e-01 1.839141e+00 1.363982e+00	
1.500499e+06	9.917938e-01 1.554567e+00 1.363995e+00	
1.500721e+06	1.103971e+00 1.854023e+00 1.363961e+00	
1.552173e+06	6.102193e-01 1.639790e+00 1.364007e+00	
1.217000e+06	7.789016e-01 1.764375e+00 1.364009e+00	
1.218448e+06	1.116015e+00 1.688490e+00 1.363986e+00	
6.782954e+05	8.969609e-01 1.725681e+00 1.363943e+00	
6.797354e+05	9.536551e-01 1.301851e+00 1.363936e+00	
6.806633e+05	7.473625e-01 1.675924e+00 1.363951e+00	
6.792884e+05	5.182778e-01 1.873366e+00 1.364001e+00	
6.830091e+05	5.810012e-01 1.912744e+00 1.364017e+00	
1.576451e+06	6.335301e-01 1.934817e+00 1.363997e+00	
6.916129e+05	4.971393e-01 1.845733e+00 1.363971e+00	
1.582535e+06	5.977447e-01 1.918556e+00 1.363989e+00	
6.995672e+05	1.056850e+00 1.926090e+00 1.364006e+00	
1.586535e+06	6.173624e-01 1.981116e+00 1.363996e+00	
6.159930e+05	8.329018e-01 1.856390e+00 1.363946e+00	
1.587752e+06	1.487736e+00 1.739744e+00 1.363988e+00	
7.015291e+05	6.338549e-01 1.980392e+00 1.363971e+00	
1.590687e+06	1.010142e+00 1.414208e+00 1.364006e+00	
7.048330e+05	6.157951e-01 1.307842e+00 1.363965e+00	
1.230817e+06	1.181844e+00 1.891649e+00 1.363993e+00	
1.254249e+06	5.865115e-01 1.927548e+00 1.363982e+00	
7.038685e+05	5.453090e-01 1.909303e+00 1.363997e+00	
1.546741e+06	5.299178e-01 1.839294e+00 1.364016e+00	
7.090332e+05	5.926710e-01 1.160136e+00 1.363974e+00	
7.143241e+05	6.991962e-01 1.910272e+00 1.364011e+00	
6.325892e+05	6.637659e-01 1.812017e+00 1.363961e+00	
1.606508e+06	7.013493e-01 1.918710e+00 1.363967e+00	
1.570834e+06	5.361472e-01 1.839757e+00 1.363989e+00	
1.275126e+06	7.225668e-01 1.847880e+00 1.363995e+00	
1.263817e+06	5.207909e-01 1.774766e+00 1.364031e+00	
1.280254e+06	5.723325e-01 1.899249e+00 1.363960e+00	
1.623448e+06	9.061056e-01 1.825076e+00 1.363976e+00	
1.258353e+06	4.967301e-01 1.838105e+00 1.363985e+00	
1.283936e+06	5.320690e-01 1.895725e+00 1.363974e+00	
1.277106e+06	5.359105e-01 1.885176e+00 1.364006e+00	
1.272449e+06	6.222458e-01 1.860620e+00 1.363955e+00	
1.281593e+06	5.438192e-01 1.862016e+00 1.364017e+00	
1.264343e+06	5.193842e-01 1.882202e+00 1.363948e+00	
6.611776e+05	6.612469e-01 1.510334e+00 1.363941e+00	
1.293767e+06	5.928767e-01 1.955494e+00 1.363977e+00	
6.651300e+05	9.669542e-01 1.891637e+00 1.363970e+00	
1.278372e+06	6.681305e-01 1.860140e+00 1.364014e+00	
7.589389e+05	5.117864e-01 1.735153e+00 1.363975e+00	
1.295489e+06	9.238455e-01 1.832127e+00 1.364014e+00	
1.288846e+06	8.401248e-01 1.741067e+00 1.364003e+00	
1.641549e+06	6.127854e-01 1.930172e+00 1.363988e+00	
1.290832e+06	5.046333e-01 1.830905e+00 1.363949e+00	
1.282145e+06	4.516695e-01 1.798543e+00 1.363957e+00	
6.706935e+05	5.788883e-01 1.748843e+00 1.363987e+00	
1.299234e+06	8.998101e-01 1.438193e+00 1.363945e+00	
6.712536e+05	7.594200e-01 1.882252e+00 1.363962e+00	
7.609042e+05	5.254286e-01 1.392906e+00 1.364020e+00	
7.629934e+05	7.700844e-01 1.794396e+00 1.363941e+00	
1.275612e+06	5.703532e-01 1.745404e+00 1.363983e+00	
1.276550e+06	5.771495e-01 1.919957e+00 1.364006e+00	
1.608263e+06	6.652951e-01 2.001903e+00 1.363984e+00	
1.278137e+06	8.789436e-01 1.641847e+00 1.363958e+00	
1.289202e+06	8.633446e-01 1.801613e+00 1.363959e+00	
1.289712e+06	7.093298e-01 1.818744e+00 1.363949e+00	
1.307069e+06	4.771210e-01 1.819240e+00 1.363986e+00	
1.280444e+06	8.169401e-01 1.806619e+00 1.363995e+00	
7.730602e+05	7.820129e-01 1.853544e+00 1.364014e+00	
1.310360e+06	1.073293e+00 1.810123e+00 1.363951e+00	
7.733922e+05	5.155885e-01 1.593621e+00 1.363957e+00	
1.312029e+06	5.711993e-01 1.920080e+00 1.364012e+00	
1.285103e+06	6.207411e-01 1.821325e+00 1.363990e+00	
1.285794e+06	6.553890e-01 1.699067e+00 1.363952e+00	
1.314435e+06	5.687438e-01 1.727456e+00 1.363974e+00	
7.874732e+05	9.422296e-01 1.623713e+00 1.364028e+00	
1.667262e+06	8.211872e-01 1.152930e+00 1.364007e+00	
1.301994e+06	6.331124e-01 1.890899e+00 1.364019e+00	
6.951994e+05	5.829007e-01 1.600721e+00 1.363951e+00	
7.924582e+05	5.366807e-01 1.698706e+00 1.363968e+00	
1.627742e+06	7.708818e-01 1.764341e+00 1.363988e+00	
7.893979e+05	5.896240e-01 1.761062e+00 1.363970e+00	
7.949796e+05	7.388337e-01 1.803943e+00 1.363976e+00	
6.994564e+05	5.422387e-01 1.161671e+00 1.364018e+00	
7.992312e+05	6.566104e-01 1.519030e+00 1.364029e+00	
1.308183e+06	6.770669e-01 1.503710e+00 1.363944e+00	
1.676531e+06	1.111347e+00 1.794064e+00 1.363982e+00	
1.677417e+06	9.615893e-01 1.682069e+00 1.363972e+00	
1.678535e+06	6.308879e-01 1.807929e+00 1.363998e+00	
1.636572e+06	5.590284e-01 1.920368e+00 1.363990e+00	
1.324821e+06	5.771981e-01 1.923607e+00 1.364009e+00	
1.639772e+06	9.913985e-01 1.635652e+00 1.364001e+00	
8.061949e+05	9.369856e-01 1.813775e+00 1.363941e+00	
1.317859e+06	6.171239e-01 1.841918e+00 1.363960e+00	
8.111595e+05	6.413617e-01 1.834028e+00 1.364018e+00	
1.689526e+06	1.072701e+00 1.644374e+00 1.363979e+00	
1.690986e+06	1.119771e+00 1.637905e+00 1.364000e+00	
1.692068e+06	7.074804e-01 1.734542e+00 1.363992e+00	
1.691354e+06	9.013893e-01 1.218448e+00 1.363985e+00	
1.698496e+06	1.137593e+00 1.852780e+00 1.363999e+00	
1.320886e+06	5.578580e-01 1.919411e+00 1.364001e+00	
8.229703e+05	5.745110e-01 1.925327e+00 1.363948e+00	
1.702558e+06	6.697004e-01 1.907814e+00 1.363963e+00	
1.660428e+06	5.180718e-01 1.721474e+00 1.363987e+00	
1.703199e+06	5.094897e-01 1.526466e+00 1.364004e+00	
1.708538e+06	7.503054e-01 1.827697e+00 1.363985e+00	
8.281294e+05	1.321106e+00 1.720588e+00 1.363980e+00	
1.346533e+06	6.050839e-01 1.956497e+00 1.364005e+00	
7.462172e+05	6.279615e-01 1.717938e+00 1.363951e+00	
1.719401e+06	5.881171e-01 1.344230e+00 1.363976e+00	
8.414234e+05	8.833015e-01 1.618756e+00 1.363995e+00	
1.723885e+06	5.600495e-01 1.906184e+00 1.363984e+00	
8.370702e+05	8.512088e-01 1.887694e+00 1.363951e+00	
1.680218e+06	1.005122e+00 1.704023e+00 1.363975e+00	
1.726256e+06	8.738021e-01 1.896837e+00 1.364001e+00	
1.355047e+06	5.855274e-01 1.699682e+00 1.363973e+00	
7.567457e+05	5.300714e-01 1.883708e+00 1.363970e+00	
1.358064e+06	6.732457e-01 1.951560e+00 1.363991e+00	
1.358142e+06	6.035402e-01 1.925241e+00 1.364011e+00	
8.419772e+05	7.011577e-01 1.735277e+00 1.364021e+00	
1.730350e+06	6.080514e-01 1.908722e+00 1.363993e+00	
1.731831e+06	6.347519e-01 1.925861e+00 1.363989e+00	
1.351305e+06	9.497874e-01 1.877234e+00 1.363992e+00	
1.732438e+06	4.941520e-01 1.856946e+00 1.363975e+00	
8.470734e+05	8.856621e-01 1.732602e+00 1.363969e+00	
8.481117e+05	6.558068e-01 2.009342e+00 1.364020e+00	
7.665275e+05	1.097760e+00 1.602103e+00 1.364028e+00	
1.735732e+06	5.955000e-01 1.680675e+00 1.363986e+00	
7.676203e+05	9.201507e-01 1.591150e+00 1.363956e+00	
1.736822e+06	8.343325e-01 1.851403e+00 1.363978e+00	
1.367134e+06	6.255298e-01 1.906902e+00 1.364012e+00	
1.740864e+06	8.980121e-01 1.756626e+00 1.363990e+00	
1.698329e+06	7.621323e-01 1.934299e+00 1.363982e+00	
8.604756e+05	5.684177e-01 1.844131e+00 1.364011e+00	
8.562479e+05	1.298020e+00 1.705230e+00 1.364013e+00	
1.744082e+06	9.669014e-01 1.650715e+00 1.363992e+00	
1.364196e+06	4.717652e-01 1.817610e+00 1.364001e+00	
1.745923e+06	7.840725e-01 1.817635e+00 1.363999e+00	
1.747824e+06	5.795388e-01 1.922931e+00 1.363981e+00	
8.590878e+05	8.484373e-01 1.841980e+00 1.363959e+00	
1.747532e+06	7.943781e-01 1.730942e+00 1.363990e+00	
1.750388e+06	8.529331e-01 1.869884e+00 1.363995e+00	
1.705961e+06	1.055294e+00 1.800109e+00 1.363983e+00	
1.369483e+06	5.025793e-01 1.107153e+00 1.364000e+00	
1.751638e+06	1.056571e+00 1.780953e+00 1.363986e+00	
1.713589e+06	6.558335e-01 1.888781e+00 1.363985e+00	
1.762703e+06	8.110151e-01 1.627771e+00 1.363997e+00	
1.378555e+06	6.223327e-01 1.707260e+00 1.364020e+00	
1.382252e+06	9.107337e-01 1.893603e+00 1.363994e+00	
1.785988e+06	6.193669e-01 1.705660e+00 1.363971e+00	
1.794151e+06	7.196016e-01 1.785963e+00 1.363972e+00	
9.007519e+05	6.577846e-01 1.666961e+00 1.364004e+00	
1.749269e+06	6.295375e-01 1.706020e+00 1.363970e+00	
9.113603e+05	1.016303e+00 1.678561e+00 1.363940e+00	
1.798012e+06	1.074786e+00 1.857487e+00 1.363991e+00	
9.095413e+05	5.983333e-01 1.904593e+00 1.364014e+00	
1.758734e+06	1.280843e+00 1.843781e+00 1.363979e+00	
1.420396e+06	1.004168e+00 1.695144e+00 1.363959e+00	
1.803478e+06	6.162517e-01 1.387107e+00 1.363972e+00	
1.434881e+06	1.023069e+00 1.789639e+00 1.363979e+00	
8.322596e+05	5.401098e-01 1.874525e+00 1.364016e+00	
1.808668e+06	5.236163e-01 1.829639e+00 1.363986e+00	
8.335343e+05	6.522484e-01 1.803762e+00 1.364002e+00	
1.806841e+06	5.711208e-01 1.733507e+00 1.363984e+00	
9.223421e+05	6.808251e-01 1.869492e+00 1.364019e+00	
9.223672e+05	6.154216e-01 1.557325e+00 1.363999e+00	
1.815008e+06	5.936395e-01 1.728569e+00 1.363976e+00	
8.507405e+05	6.074934e-01 1.815379e+00 1.363964e+00	
1.784419e+06	6.870569e-01 1.940917e+00 1.363980e+00	
9.421467e+05	6.504646e-01 1.901098e+00 1.363960e+00	
1.787375e+06	5.236054e-01 1.822501e+00 1.363988e+00	
1.439680e+06	5.658566e-01 1.690301e+00 1.364000e+00	
1.828066e+06	5.756336e-01 1.939550e+00 1.363985e+00	
1.458199e+06	1.128527e+00 1.929110e+00 1.363978e+00	
1.458686e+06	5.173533e-01 1.168544e+00 1.364016e+00	
1.839190e+06	8.783457e-01 1.740307e+00 1.363985e+00	
1.835810e+06	9.456702e-01 1.687815e+00 1.363980e+00	
1.841501e+06	5.459769e-01 1.562441e+00 1.363965e+00	
9.539963e+05	5.134112e-01 1.837899e+00 1.363986e+00	
1.464900e+06	5.025147e-01 1.556183e+00 1.363980e+00	
1.844846e+06	4.695943e-01 1.821689e+00 1.363988e+00	
1.848511e+06	5.907300e-01 1.849420e+00 1.363972e+00	
9.664065e+05	8.072964e-01 1.818072e+00 1.364032e+00	
1.460761e+06	5.350197e-01 1.898690e+00 1.363964e+00	
1.856600e+06	5.451042e-01 1.866264e+00 1.363993e+00	
8.819537e+05	5.388503e-01 1.823967e+00 1.363937e+00	
1.856016e+06	7.172563e-01 9.405373e-01 1.363985e+00	
1.853860e+06	7.197887e-01 1.686771e+00 1.363975e+00	
8.835088e+05	5.115964e-01 1.507896e+00 1.363956e+00	
1.859458e+06	6.392556e-01 1.683603e+00 1.363973e+00	
9.744298e+05	5.842468e-01 1.855566e+00 1.364011e+00	
8.857372e+05	5.822200e-01 1.786275e+00 1.363965e+00	
9.765215e+05	1.171291e+00 1.782168e+00 1.364030e+00	
1.821569e+06	5.930043e-01 1.885310e+00 1.363974e+00	
1.485084e+06	7.591344e-01 1.823711e+00 1.363977e+00	
1.860366e+06	1.304006e+00 1.875817e+00 1.363968e+00	
1.862894e+06	7.668685e-01 1.544968e+00 1.363982e+00	
9.904079e+05	1.700400e+00 1.872050e+00 1.363983e+00	
1.867116e+06	1.251362e+00 1.650103e+00 1.363976e+00	
1.829414e+06	6.871865e-01 1.704269e+00 1.363977e+00	
1.866812e+06	1.095170e+00 1.659312e+00 1.363975e+00	
1.868274e+06	1.057875e+00 1.447325e+00 1.363970e+00	
9.942609e+05	6.854592e-01 1.667723e+00 1.363968e+00	
1.470347e+06	5.289322e-01 1.799801e+00 1.363975e+00	
9.972083e+05	6.736195e-01 1.998296e+00 1.363973e+00	
9.981394e+05	1.059686e+00 1.605816e+00 1.364002e+00	
9.046444e+05	4.962101e-01 1.837016e+00 1.363939e+00	
1.474518e+06	8.637127e-01 1.685307e+00 1.363960e+00	
1.882976e+06	7.293544e-01 1.741283e+00 1.363989e+00	
1.487226e+06	7.115216e-01 1.761207e+00 1.364019e+00	
1.886681e+06	6.707172e-01 1.893393e+00 1.363995e+00	
1.504616e+06	4.563258e-01 1.817246e+00 1.363962e+00	
1.507882e+06	5.370272e-01 1.894889e+00 1.363990e+00	
1.509274e+06	6.251218e-01 1.332380e+00 1.363980e+00	
1.894936e+06	5.990399e-01 1.678725e+00 1.363970e+00	
1.510994e+06	9.102739e-01 1.721170e+00 1.363974e+00	
1.897375e+06	4.610975e-01 1.417761e+00 1.363992e+00	
1.898127e+06	5.656640e-01 1.878898e+00 1.363974e+00	
1.901541e+06	6.350964e-01 1.871358e+00 1.363993e+00	
1.897295e+06	1.295373e+00 1.774353e+00 1.363986e+00	
9.308461e+05	7.921770e-01 1.822951e+00 1.363958e+00	
9.339091e+05	6.830334e-01 1.349827e+00 1.364011e+00	
1.907072e+06	5.914572e-01 1.820274e+00 1.363961e+00	
9.346151e+05	9.209676e-01 1.888218e+00 1.364034e+00	
1.505210e+06	5.548739e-01 1.174447e+00 1.363990e+00	
1.025191e+06	6.684491e-01 1.774357e+00 1.363953e+00	
1.907420e+06	5.571069e-01 1.812231e+00 1.363967e+00	
1.501957e+06	8.736976e-01 1.752907e+00 1.363961e+00	
1.916960e+06	7.867941e-01 1.828553e+00 1.363976e+00	
1.876123e+06	1.221049e+00 1.593361e+00 1.363979e+00	
9.498035e+05	5.124005e-01 1.801220e+00 1.364006e+00	
1.919217e+06	1.242358e+00 1.901402e+00 1.363980e+00	
1.042651e+06	8.188695e-01 1.836892e+00 1.363955e+00	
1.538103e+06	5.336278e-01 1.701790e+00 1.363964e+00	
9.576078e+05	4.908784e-01 1.853667e+00 1.364010e+00	
1.545831e+06	6.834553e-01 1.483642e+00 1.363986e+00	
1.934993e+06	6.155417e-01 1.618161e+00 1.363974e+00	
1.939738e+06	5.089088e-01 1.625457e+00 1.363989e+00	
1.523685e+06	1.244157e+00 1.668894e+00 1.363964e+00	
9.670901e+05	5.620209e-01 1.812805e+00 1.364007e+00	
1.525824e+06	5.829492e-01 1.943609e+00 1.363987e+00	
1.051951e+06	5.585105e-01 1.879061e+00 1.364019e+00	
1.942820e+06	9.274627e-01 1.783842e+00 1.363987e+00	
1.060537e+06	5.528536e-01 1.778534e+00 1.363938e+00	
9.732349e+05	7.100967e-01 1.802831e+00 1.363946e+00	
1.540118e+06	4.875058e-01 1.779200e+00 1.363991e+00	
1.949613e+06	6.522608e-01 1.823913e+00 1.363976e+00	
1.057937e+06	8.296139e-01 1.850206e+00 1.363996e+00	
1.948558e+06	5.725719e-01 1.883123e+00 1.363992e+00	
1.066669e+06	5.593652e-01 1.662165e+00 1.363972e+00	
1.948192e+06	5.708843e-01 1.732550e+00 1.363984e+00	
1.907041e+06	8.351973e-01 1.639176e+00 1.363966e+00	
1.955693e+06	9.681259e-01 1.757597e+00 1.363964e+00	
1.956178e+06	8.867713e-01 1.859366e+00 1.363995e+00	
1.914223e+06	5.787457e-01 1.729831e+00 1.363962e+00	
1.571561e+06	4.857122e-01 1.518388e+00 1.363968e+00	
1.576656e+06	8.278863e-01 1.729369e+00 1.363985e+00	
1.964723e+06	5.946489e-01 1.952401e+00 1.363967e+00	
1.962183e+06	6.832419e-01 1.826250e+00 1.363993e+00	
1.920372e+06	1.238956e+00 1.687378e+00 1.363999e+00	
1.970553e+06	6.370763e-01 1.661370e+00 1.363996e+00	
1.079233e+06	8.284066e-01 1.771783e+00 1.363954e+00	
1.554692e+06	1.095647e+00 1.849462e+00 1.364014e+00	
1.975588e+06	5.958552e-01 1.763482e+00 1.363993e+00	
1.592168e+06	6.008830e-01 1.817570e+00 1.364010e+00	
1.576292e+06	6.074437e-01 1.971376e+00 1.363967e+00	
1.992171e+06	5.195121e-01 1.863246e+00 1.363975e+00	
1.575756e+06	1.518092e+00 1.821544e+00 1.363969e+00	
1.997594e+06	6.051958e-01 1.783223e+00 1.363964e+00	
2.000134e+06	6.994470e-01 1.624778e+00 1.363962e+00	
1.585472e+06	6.745824e-01 1.825452e+00 1.363978e+00	
1.611457e+06	5.623865e-01 1.923047e+00 1.363972e+00	
2.013565e+06	5.793437e-01 1.872691e+00 1.363984e+00	
2.020584e+06	9.370267e-01 1.647550e+00 1.363979e+00	
2.020583e+06	1.114709e+00 1.643449e+00 1.363963e+00	
1.611722e+06	4.965995e-01 1.808545e+00 1.363985e+00	
1.629768e+06	8.206954e-01 1.727444e+00 1.363988e+00	
1.610532e+06	6.202358e-01 1.937435e+00 1.363983e+00	
2.036458e+06	6.405883e-01 1.643000e+00 1.363985e+00	
2.039882e+06	6.240867e-01 1.980634e+00 1.363992e+00	
2.043653e+06	9.823840e-01 1.839082e+00 1.363971e+00	
2.042205e+06	5.622664e-01 1.919115e+00 1.363965e+00	
2.043172e+06	6.318566e-01 1.524278e+00 1.364000e+00	
1.629491e+06	8.299568e-01 1.887869e+00 1.363976e+00	
2.054219e+06	5.166567e-01 1.878114e+00 1.363996e+00	
2.052657e+06	5.725032e-01 1.901364e+00 1.363971e+00	
1.626802e+06	4.797116e-01 1.727850e+00 1.364005e+00	
1.656272e+06	6.767267e-01 1.916170e+00 1.363981e+00	
1.630790e+06	5.535096e-01 1.891398e+00 1.363997e+00	
1.632291e+06	7.666383e-01 1.820750e+00 1.363980e+00	
2.064128e+06	7.006696e-01 1.585206e+00 1.363967e+00	
2.065290e+06	5.237085e-01 1.719203e+00 1.363994e+00	
1.662131e+06	6.515484e-01 1.845915e+00 1.363976e+00	
2.077049e+06	7.170819e-01 1.912655e+00 1.363989e+00	
1.644210e+06	5.423968e-01 1.835882e+00 1.363995e+00	
2.081640e+06	5.150861e-01 1.798349e+00 1.363994e+00	
1.676828e+06	6.735837e-01 1.819948e+00 1.363985e+00	
1.653213e+06	6.410507e-01 1.858737e+00 1.364005e+00	
1.676137e+06	1.303641e+00 1.639192e+00 1.363964e+00	
2.092257e+06	9.239586e-01 1.644000e+00 1.363989e+00	
2.095919e+06	7.379562e-01 1.869806e+00 1.363971e+00	
2.096272e+06	1.480182e+00 1.703657e+00 1.364000e+00	
1.662420e+06	6.585253e-01 1.265463e+00 1.363998e+00	
