4.371763e+03	4.438521e-01 1.807691e+00 1.364071e+00	
1.030172e+04	6.730035e-01 1.807970e+00 1.363964e+00	
1.297079e+04	5.885401e-01 1.861955e+00 1.363939e+00	
1.482469e+04	8.064579e-01 1.543857e+00 1.363894e+00	
1.533196e+04	6.409235e-01 1.872210e+00 1.363842e+00	
1.535783e+04	5.652254e-01 1.384765e+00 1.364006e+00	
1.852650e+04	7.974422e-01 1.353395e+00 1.363992e+00	
1.876728e+04	7.516268e-01 1.543513e+00 1.363946e+00	
2.180302e+04	6.757206e-01 1.784447e+00 1.363954e+00	
2.492033e+04	7.332498e-01 1.717829e+00 1.364127e+00	
2.607503e+04	5.979964e-01 1.362798e+00 1.364103e+00	
2.646228e+04	9.094207e-01 1.541935e+00 1.364113e+00	
2.656218e+04	4.736800e-01 1.153658e+00 1.364126e+00	
2.930922e+04	4.486605e-01 1.538071e+00 1.363998e+00	
2.978883e+04	7.766718e-01 1.770005e+00 1.363989e+00	
3.041534e+04	7.319100e-01 1.696284e+00 1.363859e+00	
3.360822e+04	4.728624e-01 1.773369e+00 1.363970e+00	
3.450113e+04	6.313209e-01 1.736034e+00 1.364113e+00	
3.625297e+04	5.876611e-01 1.573256e+00 1.364086e+00	
3.694920e+04	5.950693e-01 1.774429e+00 1.364111e+00	
3.861630e+04	7.366644e-01 1.461182e+00 1.364096e+00	
4.090273e+04	5.391471e-01 1.356950e+00 1.364089e+00	
4.297113e+04	8.043571e-01 1.801322e+00 1.363931e+00	
4.373509e+04	5.187962e-01 1.606164e+00 1.363940e+00	
4.909881e+04	6.518955e-01 1.689323e+00 1.363984e+00	
5.386653e+04	4.834145e-01 1.813441e+00 1.363882e+00	
5.597535e+04	5.479482e-01 1.897924e+00 1.364027e+00	
5.924305e+04	6.962647e-01 1.761953e+00 1.363979e+00	
6.655615e+04	4.698695e-01 1.081811e+00 1.363876e+00	
6.812208e+04	5.942179e-01 1.914705e+00 1.364056e+00	
8.459467e+04	4.334795e-01 1.792386e+00 1.363865e+00	
9.749478e+04	4.361789e-01 1.738841e+00 1.364086e+00	
1.015127e+05	7.650300e-01 1.558234e+00 1.364027e+00	
1.365616e+05	1.007823e+00 1.934167e+00 1.363924e+00	
1.851558e+05	4.497271e-01 9.174463e-01 1.364100e+00	
1.945723e+05	7.636115e-01 1.692091e+00 1.364010e+00	
3.912800e+03	4.638169e-01 1.743405e+00 1.363957e+00	
7.026746e+03	5.513758e-01 1.855583e+00 1.363853e+00	
1.066282e+04	4.561743e-01 1.817469e+00 1.364029e+00	
1.594679e+04	5.300827e-01 1.807621e+00 1.363991e+00	
1.651889e+04	7.390745e-01 1.634625e+00 1.364090e+00	
1.849081e+04	9.619019e-01 1.686304e+00 1.364024e+00	
2.107074e+05	6.788385e-01 1.708178e+00 1.363999e+00	
2.402317e+04	7.240809e-01 1.394876e+00 1.364058e+00	
2.598992e+04	6.076352e-01 1.533752e+00 1.364004e+00	
2.764774e+04	5.761690e-01 8.750512e-01 1.364097e+00	
3.753974e+04	1.111733e+00 1.477955e+00 1.364023e+00	
4.246050e+04	4.374219e-01 1.493638e+00 1.363939e+00	
4.749363e+04	4.518525e-01 1.807251e+00 1.364019e+00	
5.545021e+04	5.788770e-01 1.884357e+00 1.363956e+00	
6.492920e+04	1.217995e+00 1.611802e+00 1.364041e+00	
6.698356e+04	6.197350e-01 1.850542e+00 1.363966e+00	
2.274350e+05	7.858398e-01 1.521640e+00 1.363972e+00	
8.734918e+04	5.575746e-01 1.344125e+00 1.363946e+00	
9.638230e+04	7.454592e-01 1.697876e+00 1.364034e+00	
2.327283e+05	5.330546e-01 1.894555e+00 1.364158e+00	
1.384842e+05	9.030081e-01 1.763493e+00 1.364055e+00	
2.404868e+05	4.577528e-01 1.821656e+00 1.364018e+00	
1.741578e+05	1.021837e+00 1.914460e+00 1.364062e+00	
1.978553e+05	6.116100e-01 1.803337e+00 1.364122e+00	
2.582540e+05	1.063130e+00 1.807223e+00 1.364105e+00	
2.202500e+05	8.459778e-01 1.654147e+00 1.363877e+00	
2.341409e+05	7.968404e-01 1.253824e+00 1.364005e+00	
2.353661e+05	5.629153e-01 1.655203e+00 1.363914e+00	
2.795097e+05	5.715730e-01 1.031721e+00 1.364046e+00	
2.799435e+05	8.174397e-01 1.762177e+00 1.364114e+00	
2.815573e+05	6.989622e-01 1.730907e+00 1.363930e+00	
2.470563e+05	7.692416e-01 1.163161e+00 1.363984e+00	
2.847294e+05	1.129899e+00 1.453505e+00 1.363895e+00	
2.529491e+05	5.761686e-01 1.939241e+00 1.363847e+00	
2.532266e+05	7.761430e-01 1.774015e+00 1.363907e+00	
2.918706e+05	6.902313e-01 1.804609e+00 1.364071e+00	
2.721986e+05	7.546075e-01 1.765145e+00 1.364038e+00	
2.763990e+05	4.739516e-01 1.052529e+00 1.364052e+00	
2.807023e+05	6.725471e-01 1.573441e+00 1.363920e+00	
3.204384e+05	7.996273e-01 1.781807e+00 1.363913e+00	
3.520008e+05	9.886801e-01 1.953292e+00 1.364121e+00	
3.575631e+05	6.006310e-01 1.405461e+00 1.363940e+00	
3.521097e+05	6.237620e-01 1.784976e+00 1.363980e+00	
3.716449e+05	1.086907e+00 1.894423e+00 1.364091e+00	
4.085907e+05	4.722777e-01 1.591736e+00 1.364019e+00	
4.223918e+05	4.845442e-01 1.819671e+00 1.364059e+00	
4.247479e+05	5.310776e-01 1.680132e+00 1.363990e+00	
4.068715e+05	6.341887e-01 1.728981e+00 1.364110e+00	
4.436223e+05	7.168466e-01 1.604412e+00 1.364077e+00	
4.479023e+05	5.113370e-01 1.873875e+00 1.363985e+00	
4.605426e+05	5.694491e-01 1.147271e+00 1.363964e+00	
4.161884e+05	4.448025e-01 1.554590e+00 1.363973e+00	
4.167181e+05	5.325171e-01 1.800051e+00 1.363948e+00	
4.729134e+05	4.974811e-01 1.796062e+00 1.364025e+00	
4.216890e+05	5.218771e-01 1.805952e+00 1.363908e+00	
4.867869e+05	7.313519e-01 1.855095e+00 1.364108e+00	
4.288303e+05	6.953641e-01 1.642597e+00 1.363971e+00	
5.088913e+05	9.106114e-01 1.626791e+00 1.363924e+00	
4.322861e+05	8.264637e-01 1.819633e+00 1.363902e+00	
5.298706e+05	5.194054e-01 1.707371e+00 1.363978e+00	
4.378066e+05	8.444948e-01 1.438763e+00 1.363895e+00	
4.388831e+05	5.123622e-01 1.826945e+00 1.363913e+00	
5.564523e+05	1.106392e+00 1.777472e+00 1.363919e+00	
4.463938e+05	6.231804e-01 1.889392e+00 1.363902e+00	
5.719206e+05	1.083134e+00 1.735747e+00 1.363979e+00	
4.480826e+05	4.364426e-01 1.778425e+00 1.363888e+00	
4.498414e+05	4.546246e-01 1.807530e+00 1.363994e+00	
4.535101e+05	4.512747e-01 1.031036e+00 1.364052e+00	
4.572463e+05	6.173312e-01 1.361413e+00 1.363909e+00	
6.096955e+05	4.823065e-01 1.749940e+00 1.363952e+00	
6.300604e+05	6.874685e-01 1.674384e+00 1.363963e+00	
4.836322e+05	5.573828e-01 1.405634e+00 1.363993e+00	
6.365227e+05	5.955866e-01 1.471934e+00 1.363994e+00	
6.464471e+05	7.532140e-01 1.714636e+00 1.363967e+00	
4.944837e+05	6.103820e-01 1.500525e+00 1.363965e+00	
6.568757e+05	5.515992e-01 1.785943e+00 1.364076e+00	
5.057630e+05	5.803345e-01 1.639044e+00 1.363947e+00	
5.114628e+05	4.531421e-01 1.692328e+00 1.364027e+00	
6.993626e+05	5.219952e-01 1.695166e+00 1.364063e+00	
7.050797e+05	9.381581e-01 1.645653e+00 1.363927e+00	
7.062303e+05	5.197556e-01 9.286334e-01 1.363898e+00	
7.123160e+05	5.650624e-01 1.886830e+00 1.364018e+00	
7.146377e+05	5.473645e-01 1.061098e+00 1.363930e+00	
7.205283e+05	1.351461e+00 1.584402e+00 1.363909e+00	
7.264774e+05	6.716427e-01 1.586879e+00 1.363962e+00	
5.550339e+05	9.933423e-01 1.797112e+00 1.363888e+00	
5.684321e+05	6.464967e-01 1.587914e+00 1.364077e+00	
7.628626e+05	4.863383e-01 1.700048e+00 1.363970e+00	
5.881750e+05	6.099373e-01 1.611833e+00 1.363923e+00	
5.927183e+05	4.981492e-01 1.854037e+00 1.364040e+00	
8.157762e+05	9.594176e-01 1.693196e+00 1.364030e+00	
8.236546e+05	7.059982e-01 1.624508e+00 1.364085e+00	
6.108163e+05	5.453168e-01 1.712144e+00 1.363967e+00	
8.523697e+05	4.929355e-01 1.854764e+00 1.363930e+00	
8.553272e+05	5.712099e-01 1.606227e+00 1.363962e+00	
8.632026e+05	8.830278e-01 1.791180e+00 1.364030e+00	
8.685078e+05	5.702207e-01 1.624357e+00 1.364042e+00	
6.310822e+05	5.061612e-01 1.687634e+00 1.363988e+00	
8.801279e+05	5.768910e-01 1.761797e+00 1.363979e+00	
6.317159e+05	4.441022e-01 1.774770e+00 1.363916e+00	
6.343426e+05	5.250287e-01 1.687720e+00 1.364100e+00	
8.996981e+05	4.952871e-01 1.743951e+00 1.364035e+00	
6.393142e+05	9.115350e-01 1.779542e+00 1.364087e+00	
6.425420e+05	4.739375e-01 1.745651e+00 1.363987e+00	
9.123266e+05	8.363454e-01 1.636376e+00 1.363969e+00	
6.456137e+05	6.344950e-01 1.868857e+00 1.363910e+00	
6.502401e+05	7.099839e-01 1.636964e+00 1.364014e+00	
6.551049e+05	8.688413e-01 1.721350e+00 1.364058e+00	
6.709557e+05	4.398982e-01 1.755535e+00 1.363958e+00	
9.969154e+05	8.956045e-01 1.647364e+00 1.363982e+00	
1.019542e+06	5.809909e-01 1.731218e+00 1.363969e+00	
1.020164e+06	6.396517e-01 1.461917e+00 1.364021e+00	
1.026826e+06	8.191333e-01 1.823719e+00 1.363983e+00	
1.035446e+06	1.172312e+00 1.592078e+00 1.364038e+00	
1.055047e+06	4.585981e-01 1.807042e+00 1.364097e+00	
1.056169e+06	5.281868e-01 1.404543e+00 1.364030e+00	
7.210735e+05	5.550797e-01 1.600305e+00 1.364012e+00	
1.067746e+06	5.658378e-01 1.909942e+00 1.363911e+00	
1.069370e+06	6.086153e-01 1.966171e+00 1.364022e+00	
1.072635e+06	4.728854e-01 1.526496e+00 1.363931e+00	
1.099654e+06	5.861973e-01 1.837106e+00 1.364001e+00	
7.482578e+05	4.604901e-01 1.779429e+00 1.363958e+00	
1.106711e+06	6.031994e-01 1.756623e+00 1.363966e+00	
7.530207e+05	6.477285e-01 1.851911e+00 1.364013e+00	
1.112668e+06	5.096685e-01 1.463562e+00 1.364007e+00	
1.116713e+06	5.353246e-01 1.864295e+00 1.363882e+00	
1.122015e+06	6.736753e-01 2.037509e+00 1.363979e+00	
1.136936e+06	9.804683e-01 1.632387e+00 1.363942e+00	
1.161062e+06	1.155258e+00 1.462660e+00 1.363865e+00	
1.190424e+06	4.304137e-01 1.232774e+00 1.363926e+00	
1.212683e+06	9.107623e-01 1.801961e+00 1.363921e+00	
8.075170e+05	6.055113e-01 1.647154e+00 1.363919e+00	
1.214706e+06	5.787654e-01 1.765618e+00 1.363840e+00	
1.216121e+06	5.003179e-01 1.766228e+00 1.364124e+00	
1.225763e+06	5.655179e-01 1.771825e+00 1.363933e+00	
1.227483e+06	4.801475e-01 1.841979e+00 1.364129e+00	
1.232664e+06	1.289805e+00 1.752006e+00 1.364001e+00	
1.235098e+06	4.215480e-01 1.782052e+00 1.364004e+00	
1.237797e+06	7.202762e-01 1.802188e+00 1.363939e+00	
8.213412e+05	4.846245e-01 1.836637e+00 1.363968e+00	
1.247440e+06	6.450774e-01 1.227791e+00 1.363982e+00	
1.248880e+06	5.595520e-01 1.193966e+00 1.363957e+00	
1.254139e+06	1.056865e+00 1.724198e+00 1.364075e+00	
8.285142e+05	6.481017e-01 1.284979e+00 1.364048e+00	
1.261512e+06	5.128191e-01 1.831561e+00 1.364150e+00	
8.318689e+05	5.880254e-01 1.900261e+00 1.364055e+00	
1.274835e+06	9.794509e-01 1.416228e+00 1.363831e+00	
8.417822e+05	7.581397e-01 1.959155e+00 1.364075e+00	
8.429327e+05	5.157363e-01 1.699047e+00 1.363885e+00	
8.485357e+05	4.606361e-01 1.814629e+00 1.364104e+00	
1.317833e+06	6.166490e-01 1.616389e+00 1.364147e+00	
1.327324e+06	6.477429e-01 1.336539e+00 1.364120e+00	
8.608790e+05	9.744318e-01 1.887293e+00 1.364066e+00	
8.868263e+05	4.214409e-01 1.766070e+00 1.363919e+00	
8.959017e+05	1.265455e+00 1.591056e+00 1.364010e+00	
9.019346e+05	8.299658e-01 1.622939e+00 1.364082e+00	
1.419604e+06	6.144263e-01 1.611396e+00 1.363974e+00	
1.428150e+06	8.449016e-01 1.806976e+00 1.364108e+00	
1.435019e+06	1.106821e+00 1.756244e+00 1.363996e+00	
1.435789e+06	7.448401e-01 1.437934e+00 1.363855e+00	
1.437670e+06	9.613955e-01 1.734108e+00 1.364145e+00	
1.448479e+06	5.431494e-01 1.745729e+00 1.363942e+00	
1.449611e+06	5.842708e-01 1.835234e+00 1.363960e+00	
1.451276e+06	4.228113e-01 1.467243e+00 1.363923e+00	
1.463175e+06	5.135442e-01 1.874888e+00 1.363991e+00	
1.468177e+06	4.788944e-01 1.648779e+00 1.364079e+00	
1.529855e+06	7.893637e-01 1.693859e+00 1.364106e+00	
1.604751e+06	5.116509e-01 1.779013e+00 1.363884e+00	
1.622535e+06	4.302399e-01 1.742158e+00 1.363929e+00	
1.633549e+06	6.359139e-01 1.466764e+00 1.363980e+00	
1.634450e+06	5.344756e-01 1.873333e+00 1.364061e+00	
1.635069e+06	6.987900e-01 1.566666e+00 1.363892e+00	
1.644055e+06	4.706000e-01 1.788901e+00 1.363932e+00	
1.647757e+06	5.481734e-01 1.909087e+00 1.364123e+00	
1.038674e+06	6.340461e-01 1.612462e+00 1.363961e+00	
1.039651e+06	5.288003e-01 1.294716e+00 1.363905e+00	
1.664343e+06	4.575453e-01 1.480410e+00 1.363956e+00	
1.672378e+06	4.901870e-01 1.606549e+00 1.364038e+00	
1.698458e+06	5.842531e-01 1.905601e+00 1.363982e+00	
1.700905e+06	7.314449e-01 1.690456e+00 1.364004e+00	
1.705907e+06	4.503391e-01 1.264162e+00 1.364116e+00	
1.717509e+06	8.960585e-01 1.928456e+00 1.363913e+00	
1.724180e+06	1.186686e+00 1.653267e+00 1.363917e+00	
1.064890e+06	7.341181e-01 1.916184e+00 1.364074e+00	
1.069849e+06	8.062589e-01 1.619722e+00 1.363900e+00	
1.074666e+06	9.085848e-01 1.549853e+00 1.364037e+00	
1.756009e+06	4.564440e-01 1.728840e+00 1.364051e+00	
1.775467e+06	7.176626e-01 1.557525e+00 1.364012e+00	
1.809132e+06	5.182148e-01 1.507296e+00 1.364055e+00	
1.108506e+06	4.928664e-01 1.513127e+00 1.364056e+00	
1.120597e+06	5.456524e-01 1.909632e+00 1.364021e+00	
1.836766e+06	5.366300e-01 1.821753e+00 1.363964e+00	
1.849493e+06	6.340146e-01 1.852310e+00 1.364042e+00	
1.861612e+06	8.204220e-01 1.394762e+00 1.364073e+00	
1.154748e+06	5.765648e-01 1.676112e+00 1.363960e+00	
1.876039e+06	8.675228e-01 1.565112e+00 1.364020e+00	
1.883741e+06	4.750943e-01 1.089011e+00 1.363985e+00	
1.918499e+06	5.043173e-01 1.815919e+00 1.364009e+00	
1.925775e+06	5.411977e-01 1.741233e+00 1.363942e+00	
1.930623e+06	6.534974e-01 1.938418e+00 1.363948e+00	
1.967466e+06	4.823174e-01 1.755253e+00 1.364022e+00	
1.968172e+06	6.650886e-01 1.801529e+00 1.364070e+00	
1.210905e+06	7.821986e-01 1.699641e+00 1.363853e+00	
1.212457e+06	5.838991e-01 1.888273e+00 1.364132e+00	
1.214318e+06	4.386559e-01 1.483441e+00 1.363982e+00	
2.006868e+06	5.454746e-01 1.826663e+00 1.363994e+00	
2.008397e+06	4.801844e-01 1.543882e+00 1.363989e+00	
1.225624e+06	8.545170e-01 1.678765e+00 1.363956e+00	
2.022435e+06	7.041189e-01 1.848577e+00 1.364036e+00	
2.024431e+06	4.777167e-01 1.802345e+00 1.364027e+00	
1.228476e+06	1.108424e+00 1.784280e+00 1.364035e+00	
2.031415e+06	5.229433e-01 1.769036e+00 1.364012e+00	
2.032825e+06	5.929842e-01 1.530462e+00 1.363970e+00	
2.033084e+06	8.539992e-01 1.489041e+00 1.364076e+00	
2.035119e+06	5.629288e-01 1.600504e+00 1.363944e+00	
2.053064e+06	5.592153e-01 1.697471e+00 1.363948e+00	
1.241820e+06	4.467095e-01 1.687268e+00 1.364046e+00	
2.059345e+06	5.797567e-01 1.916767e+00 1.363979e+00	
2.065005e+06	5.155126e-01 1.452327e+00 1.364037e+00	
2.072373e+06	4.816259e-01 1.816090e+00 1.363922e+00	
2.080941e+06	8.736961e-01 1.635529e+00 1.364058e+00	
2.090262e+06	4.774274e-01 1.602085e+00 1.364017e+00	
2.111215e+06	8.420728e-01 1.676729e+00 1.363914e+00	
1.289022e+06	5.444464e-01 1.844529e+00 1.364115e+00	
1.295216e+06	7.935610e-01 1.624483e+00 1.363961e+00	
1.295482e+06	5.793768e-01 1.544878e+00 1.364060e+00	
2.202955e+06	4.926600e-01 1.355450e+00 1.363993e+00	
2.214514e+06	5.422255e-01 1.778902e+00 1.363968e+00	
2.231607e+06	4.563876e-01 1.706196e+00 1.363896e+00	
2.233526e+06	4.404103e-01 1.692543e+00 1.364028e+00	
1.347471e+06	5.620911e-01 1.860258e+00 1.363971e+00	
2.246248e+06	4.653231e-01 1.115785e+00 1.363949e+00	
2.260552e+06	6.819049e-01 1.864668e+00 1.363917e+00	
2.267190e+06	5.167055e-01 1.861302e+00 1.364019e+00	
2.283953e+06	4.346108e-01 1.644891e+00 1.363952e+00	
2.285198e+06	4.699746e-01 1.817352e+00 1.363994e+00	
2.288693e+06	6.645933e-01 1.403677e+00 1.364124e+00	
2.303901e+06	6.205946e-01 1.952739e+00 1.363954e+00	
2.323014e+06	5.703691e-01 1.933528e+00 1.364019e+00	
2.333352e+06	4.065704e-01 1.081621e+00 1.363980e+00	
1.408097e+06	4.434186e-01 1.222732e+00 1.364020e+00	
2.357784e+06	6.082186e-01 1.868968e+00 1.363951e+00	
2.359747e+06	4.527647e-01 1.126940e+00 1.364021e+00	
2.370676e+06	5.698605e-01 1.740456e+00 1.363998e+00	
1.415413e+06	5.114882e-01 1.821533e+00 1.364136e+00	
1.421233e+06	5.065159e-01 1.012460e+00 1.364044e+00	
2.414237e+06	8.404455e-01 1.691994e+00 1.363965e+00	
2.414580e+06	4.777128e-01 1.616236e+00 1.364023e+00	
2.418041e+06	9.229500e-01 1.832618e+00 1.364136e+00	
2.428431e+06	4.603495e-01 1.738282e+00 1.363898e+00	
2.431071e+06	8.208463e-01 1.816542e+00 1.363946e+00	
2.442285e+06	5.565770e-01 1.802723e+00 1.363882e+00	
1.448530e+06	6.511780e-01 1.870616e+00 1.364017e+00	
2.453106e+06	7.942126e-01 1.882446e+00 1.363965e+00	
2.458413e+06	4.872549e-01 1.535532e+00 1.363904e+00	
2.459245e+06	4.888978e-01 1.851047e+00 1.364039e+00	
1.470979e+06	6.099849e-01 1.777077e+00 1.364091e+00	
2.514176e+06	5.481446e-01 1.912057e+00 1.363913e+00	
2.519668e+06	1.532842e+00 1.841528e+00 1.363922e+00	
2.526003e+06	8.154360e-01 1.792617e+00 1.363963e+00	
1.481969e+06	7.033623e-01 1.400691e+00 1.363921e+00	
1.482068e+06	6.614273e-01 1.928642e+00 1.363915e+00	
2.545554e+06	4.791489e-01 1.656874e+00 1.363909e+00	
1.500556e+06	6.418100e-01 1.584737e+00 1.363839e+00	
2.576306e+06	4.519297e-01 1.082796e+00 1.363851e+00	
1.509105e+06	5.663752e-01 1.729086e+00 1.364009e+00	
2.602473e+06	1.053611e+00 1.677509e+00 1.363857e+00	
2.612535e+06	5.728527e-01 1.513384e+00 1.363893e+00	
1.541215e+06	7.243619e-01 1.776834e+00 1.364037e+00	
2.623934e+06	4.627601e-01 1.388737e+00 1.363967e+00	
2.625295e+06	7.677796e-01 1.762318e+00 1.363870e+00	
2.629878e+06	1.176480e+00 1.364946e+00 1.363893e+00	
2.640901e+06	4.041648e-01 1.388514e+00 1.363998e+00	
1.562879e+06	1.182550e+00 1.470467e+00 1.363864e+00	
1.564803e+06	5.254069e-01 1.828898e+00 1.364058e+00	
1.583884e+06	4.241117e-01 1.788226e+00 1.364129e+00	
2.665543e+06	5.304949e-01 1.882265e+00 1.364036e+00	
2.676192e+06	9.667320e-01 1.384598e+00 1.364045e+00	
2.691227e+06	5.043451e-01 1.852454e+00 1.364126e+00	
2.698068e+06	4.539039e-01 1.445002e+00 1.363982e+00	
2.701138e+06	6.838671e-01 1.517738e+00 1.364141e+00	
2.728502e+06	1.191377e+00 1.560466e+00 1.363849e+00	
2.735692e+06	4.546121e-01 9.103751e-01 1.364019e+00	
2.762799e+06	5.571965e-01 1.586477e+00 1.364017e+00	
1.634493e+06	5.145214e-01 1.748939e+00 1.363931e+00	
1.637830e+06	9.817273e-01 1.559856e+00 1.363995e+00	
2.812171e+06	4.074760e-01 1.675883e+00 1.363895e+00	
2.812216e+06	4.711553e-01 1.834398e+00 1.363844e+00	
1.644363e+06	5.293537e-01 1.807794e+00 1.363970e+00	
2.827629e+06	6.067177e-01 1.810019e+00 1.364073e+00	
1.651503e+06	7.193339e-01 1.698229e+00 1.364069e+00	
2.835407e+06	5.093714e-01 1.858813e+00 1.363931e+00	
2.848884e+06	6.438959e-01 1.860396e+00 1.364036e+00	
1.662573e+06	4.392142e-01 1.274063e+00 1.364085e+00	
1.665076e+06	6.935229e-01 7.769095e-01 1.364095e+00	
1.665902e+06	5.576477e-01 1.921622e+00 1.363976e+00	
2.861742e+06	9.318045e-01 1.278891e+00 1.364053e+00	
2.864830e+06	1.001834e+00 1.684587e+00 1.364024e+00	
1.676613e+06	5.935375e-01 1.943752e+00 1.364100e+00	
1.677810e+06	4.951240e-01 1.801669e+00 1.364028e+00	
1.699822e+06	1.460126e+00 1.754149e+00 1.363945e+00	
2.941446e+06	7.196046e-01 1.213540e+00 1.364111e+00	
1.716882e+06	1.430052e+00 1.774686e+00 1.364045e+00	
2.972628e+06	7.334107e-01 1.578472e+00 1.363859e+00	
3.006931e+06	5.465174e-01 1.668764e+00 1.363979e+00	
3.023100e+06	9.450523e-01 1.667059e+00 1.364130e+00	
3.035651e+06	1.038575e+00 1.807665e+00 1.363933e+00	
3.044678e+06	8.551814e-01 1.786310e+00 1.363971e+00	
3.057713e+06	4.970523e-01 1.857075e+00 1.364054e+00	
3.063847e+06	6.437572e-01 1.066311e+00 1.363942e+00	
3.066304e+06	7.682242e-01 1.441626e+00 1.363982e+00	
3.070560e+06	8.268774e-01 1.405096e+00 1.363912e+00	
3.074518e+06	5.870423e-01 1.445303e+00 1.363900e+00	
3.093611e+06	9.799139e-01 1.427658e+00 1.363988e+00	
3.101189e+06	5.329239e-01 9.048283e-01 1.364050e+00	
1.822919e+06	8.211365e-01 1.795364e+00 1.363880e+00	
1.825106e+06	5.138592e-01 1.756768e+00 1.364037e+00	
1.838564e+06	4.319635e-01 9.431148e-01 1.364046e+00	
1.839453e+06	5.211362e-01 1.860936e+00 1.363989e+00	
1.841413e+06	5.414028e-01 1.894196e+00 1.364066e+00	
1.844223e+06	7.431409e-01 1.676190e+00 1.363917e+00	
3.202900e+06	5.790027e-01 1.837102e+00 1.364010e+00	
3.204516e+06	1.008823e+00 1.896007e+00 1.364020e+00	
1.848515e+06	8.886279e-01 1.887434e+00 1.364012e+00	
1.851208e+06	6.051565e-01 1.596934e+00 1.364001e+00	
3.213433e+06	8.160688e-01 1.518457e+00 1.364067e+00	
3.218047e+06	7.088947e-01 1.590113e+00 1.364012e+00	
3.222583e+06	5.150299e-01 1.576340e+00 1.363906e+00	
3.236955e+06	5.192754e-01 1.732750e+00 1.364103e+00	
3.241187e+06	5.947616e-01 1.826554e+00 1.363987e+00	
3.242766e+06	6.262394e-01 1.790327e+00 1.364111e+00	
3.243127e+06	5.020391e-01 1.786888e+00 1.363965e+00	
3.243504e+06	4.456971e-01 1.613008e+00 1.364025e+00	
3.248247e+06	7.748433e-01 1.703792e+00 1.363903e+00	
3.254424e+06	5.043930e-01 1.538949e+00 1.363962e+00	
3.259020e+06	9.578621e-01 1.842604e+00 1.363926e+00	
3.270075e+06	1.203935e+00 1.802627e+00 1.363883e+00	
1.898555e+06	1.012140e+00 1.671360e+00 1.363930e+00	
3.307545e+06	4.083845e-01 9.572017e-01 1.363899e+00	
3.311419e+06	1.203068e+00 1.771518e+00 1.364062e+00	
3.316919e+06	5.827282e-01 1.862185e+00 1.363929e+00	
3.318424e+06	4.653405e-01 9.235064e-01 1.364055e+00	
3.327420e+06	1.038104e+00 1.437791e+00 1.364063e+00	
3.328045e+06	6.826566e-01 1.533546e+00 1.363929e+00	
3.357464e+06	5.363826e-01 1.704534e+00 1.363917e+00	
3.380427e+06	1.030316e+00 1.737652e+00 1.363985e+00	
1.952326e+06	6.562486e-01 1.615116e+00 1.364047e+00	
3.396542e+06	1.033501e+00 1.849430e+00 1.363954e+00	
3.423454e+06	5.252667e-01 1.779746e+00 1.363986e+00	
3.429051e+06	5.555212e-01 1.640184e+00 1.363951e+00	
3.435516e+06	4.512005e-01 1.744727e+00 1.364033e+00	
3.458396e+06	9.124383e-01 1.769652e+00 1.363997e+00	
3.458766e+06	9.462980e-01 1.494848e+00 1.364085e+00	
3.465572e+06	9.681114e-01 1.783637e+00 1.364028e+00	
2.008471e+06	8.615079e-01 1.669042e+00 1.363956e+00	
2.011439e+06	1.175652e+00 1.646207e+00 1.364029e+00	
3.497100e+06	5.788832e-01 1.754463e+00 1.363893e+00	
3.517510e+06	6.705855e-01 1.744195e+00 1.364072e+00	
3.525796e+06	5.691019e-01 1.670161e+00 1.363996e+00	
3.550505e+06	4.782893e-01 1.700281e+00 1.363944e+00	
2.035124e+06	5.022747e-01 1.814570e+00 1.364058e+00	
2.038794e+06	6.814883e-01 1.734535e+00 1.364002e+00	
3.609945e+06	6.700181e-01 1.821287e+00 1.363983e+00	
3.647039e+06	7.117086e-01 1.680861e+00 1.364010e+00	
3.654404e+06	1.019821e+00 1.722664e+00 1.363979e+00	
2.092223e+06	7.133512e-01 1.722333e+00 1.363939e+00	
3.661704e+06	7.220963e-01 1.749987e+00 1.363998e+00	
2.099132e+06	6.686297e-01 1.833710e+00 1.363968e+00	
3.676017e+06	6.641854e-01 1.564840e+00 1.364106e+00	
3.704864e+06	9.361271e-01 1.392745e+00 1.364098e+00	
3.749344e+06	5.310146e-01 1.513988e+00 1.363990e+00	
3.755376e+06	9.994941e-01 1.738342e+00 1.364018e+00	
2.168756e+06	5.807372e-01 1.674881e+00 1.363926e+00	
2.184205e+06	6.017459e-01 1.428462e+00 1.363889e+00	
3.808512e+06	1.189191e+00 1.623995e+00 1.363866e+00	
1.073671e+04	5.766872e-01 1.938126e+00 1.363907e+00	
1.078992e+04	8.663522e-01 1.631246e+00 1.363992e+00	
3.815024e+06	7.072470e-01 1.569859e+00 1.364039e+00	
1.303178e+04	5.020184e-01 1.837648e+00 1.364065e+00	
1.331158e+04	6.161569e-01 1.824639e+00 1.363984e+00	
1.398826e+04	4.817034e-01 1.843252e+00 1.363923e+00	
1.517199e+04	6.175175e-01 1.716256e+00 1.364005e+00	
1.518766e+04	1.285512e+00 1.783717e+00 1.364051e+00	
1.643536e+04	6.061697e-01 1.764307e+00 1.363912e+00	
1.666286e+04	7.597443e-01 1.840346e+00 1.363882e+00	
3.829724e+06	6.474928e-01 1.269958e+00 1.363953e+00	
2.272845e+04	5.889664e-01 1.694472e+00 1.364093e+00	
2.364636e+04	5.866403e-01 1.534559e+00 1.363916e+00	
3.839434e+06	5.483358e-01 1.709893e+00 1.364027e+00	
2.669250e+04	5.219009e-01 1.829690e+00 1.363850e+00	
3.843222e+06	5.562817e-01 1.606048e+00 1.363971e+00	
3.844773e+06	6.115334e-01 1.192671e+00 1.363959e+00	
2.206763e+06	5.001043e-01 1.855980e+00 1.364043e+00	
3.850760e+06	6.647725e-01 1.720233e+00 1.363923e+00	
3.077806e+04	7.628442e-01 1.513641e+00 1.363954e+00	
3.344055e+04	5.376575e-01 1.237966e+00 1.363996e+00	
3.714600e+04	9.422840e-01 1.579941e+00 1.363866e+00	
3.863331e+06	6.185301e-01 1.728419e+00 1.363978e+00	
3.864116e+06	8.585559e-01 1.756716e+00 1.364022e+00	
3.897071e+04	1.138196e+00 1.724607e+00 1.364081e+00	
4.016424e+04	6.833003e-01 1.571966e+00 1.364007e+00	
4.345045e+04	5.498533e-01 1.664437e+00 1.363916e+00	
4.543555e+04	5.096682e-01 1.088770e+00 1.363940e+00	
2.217138e+06	7.172471e-01 1.385628e+00 1.364014e+00	
4.625100e+04	5.988182e-01 1.243173e+00 1.364053e+00	
3.882290e+06	6.441890e-01 1.578262e+00 1.363956e+00	
3.888565e+06	9.004314e-01 1.587484e+00 1.364039e+00	
5.182114e+04	6.211752e-01 1.941705e+00 1.363894e+00	
2.223607e+06	1.207113e+00 1.661745e+00 1.364012e+00	
2.224060e+06	5.769204e-01 1.848865e+00 1.364048e+00	
6.484785e+04	4.218015e-01 1.282625e+00 1.363932e+00	
2.229600e+06	8.876214e-01 1.769536e+00 1.363998e+00	
6.831640e+04	4.821726e-01 1.588574e+00 1.364071e+00	
7.349928e+04	5.357545e-01 1.594530e+00 1.364071e+00	
3.927090e+06	5.554008e-01 1.791870e+00 1.363914e+00	
3.933634e+06	1.112042e+00 1.533782e+00 1.363915e+00	
2.236259e+06	5.367534e-01 1.834970e+00 1.363912e+00	
2.239168e+06	7.533413e-01 1.666619e+00 1.363912e+00	
1.100321e+05	8.243915e-01 1.450053e+00 1.364033e+00	
2.250283e+06	5.078126e-01 1.815809e+00 1.363980e+00	
2.254307e+06	6.577322e-01 1.888920e+00 1.363932e+00	
1.244531e+05	4.319096e-01 1.109294e+00 1.363875e+00	
1.324651e+05	5.422459e-01 1.502072e+00 1.364075e+00	
2.259687e+06	5.245182e-01 1.750984e+00 1.364038e+00	
4.005743e+06	5.235173e-01 1.422090e+00 1.363845e+00	
2.281647e+06	6.090058e-01 1.887073e+00 1.363940e+00	
4.023804e+06	9.240310e-01 1.425640e+00 1.363855e+00	
4.045102e+06	4.416824e-01 1.634557e+00 1.363926e+00	
2.299135e+06	8.090391e-01 1.690225e+00 1.364006e+00	
4.070660e+06	6.710182e-01 1.667489e+00 1.363910e+00	
4.071670e+06	5.439184e-01 1.685858e+00 1.364035e+00	
4.077421e+06	5.462796e-01 1.868633e+00 1.364128e+00	
2.214116e+05	8.697827e-01 1.736182e+00 1.363886e+00	
4.084385e+06	5.365162e-01 1.819153e+00 1.364108e+00	
4.093360e+06	5.648895e-01 1.912121e+00 1.363894e+00	
2.330554e+06	5.634242e-01 1.828518e+00 1.363920e+00	
4.102005e+06	8.416201e-01 1.912853e+00 1.364064e+00	
2.279734e+05	5.946123e-01 1.471305e+00 1.363985e+00	
2.344328e+06	7.464295e-01 1.658249e+00 1.364058e+00	
4.123127e+06	6.803117e-01 1.779840e+00 1.364046e+00	
2.369494e+06	4.970263e-01 1.796855e+00 1.364100e+00	
4.178313e+06	5.932749e-01 1.956536e+00 1.363981e+00	
4.197471e+06	5.341666e-01 1.875087e+00 1.364120e+00	
2.661130e+05	5.374594e-01 1.016084e+00 1.364062e+00	
2.673847e+05	7.285746e-01 1.536562e+00 1.364039e+00	
4.209648e+06	9.349326e-01 1.723420e+00 1.363943e+00	
2.749176e+05	9.919216e-01 1.651523e+00 1.363845e+00	
2.403483e+06	5.035293e-01 1.788990e+00 1.363899e+00	
4.224228e+06	4.267660e-01 1.695525e+00 1.363981e+00	
4.232819e+06	4.407941e-01 1.800062e+00 1.364108e+00	
4.249920e+06	6.632825e-01 1.338831e+00 1.363996e+00	
3.016989e+05	1.013465e+00 1.723986e+00 1.364003e+00	
3.018089e+05	5.753958e-01 1.893822e+00 1.363997e+00	
4.253785e+06	5.571491e-01 1.902789e+00 1.364035e+00	
4.261445e+06	4.792555e-01 1.754661e+00 1.363920e+00	
2.421286e+06	8.122998e-01 1.707371e+00 1.364149e+00	
3.116732e+05	9.683437e-01 1.833062e+00 1.363890e+00	
2.424779e+06	6.030017e-01 1.818848e+00 1.363957e+00	
4.278417e+06	7.467132e-01 1.472859e+00 1.364023e+00	
3.246546e+05	4.394224e-01 1.133719e+00 1.364000e+00	
4.305665e+06	6.500057e-01 1.874937e+00 1.363976e+00	
4.309106e+06	9.453809e-01 1.612032e+00 1.363918e+00	
2.437020e+06	1.026156e+00 1.494386e+00 1.363880e+00	
2.439748e+06	5.005224e-01 1.850372e+00 1.363875e+00	
2.442217e+06	4.140604e-01 1.773836e+00 1.364042e+00	
2.444566e+06	4.348319e-01 1.773526e+00 1.364103e+00	
2.447892e+06	4.497004e-01 1.208053e+00 1.363907e+00	
4.345713e+06	6.082319e-01 1.760224e+00 1.364104e+00	
2.450100e+06	7.644431e-01 1.714903e+00 1.363846e+00	
3.810377e+05	1.046890e+00 1.425948e+00 1.364078e+00	
5.481370e+03	5.334896e-01 1.828330e+00 1.363989e+00	
6.904994e+03	4.566265e-01 1.712054e+00 1.363894e+00	
8.340195e+03	1.097707e+00 1.677246e+00 1.363926e+00	
4.406027e+06	5.462453e-01 1.854607e+00 1.364038e+00	
9.328001e+03	8.180030e-01 1.683579e+00 1.364094e+00	
1.253276e+03	4.699838e-01 1.783645e+00 1.364026e+00	
1.048847e+03	5.409838e-01 1.855016e+00 1.363908e+00	
2.361485e+03	6.770770e-01 1.790699e+00 1.364033e+00	
4.427190e+06	5.929100e-01 1.862373e+00 1.363902e+00	
4.938504e+03	4.568594e-01 1.545802e+00 1.363996e+00	
4.431271e+06	4.989459e-01 1.619264e+00 1.364001e+00	
6.067893e+03	4.485413e-01 1.812230e+00 1.363972e+00	
5.411418e+03	9.758987e-01 1.708704e+00 1.363908e+00	
5.593572e+03	4.126196e-01 1.228133e+00 1.363992e+00	
5.456501e+03	5.643236e-01 1.824093e+00 1.364027e+00	
5.867481e+03	5.934607e-01 1.655078e+00 1.364010e+00	
6.594927e+03	5.031448e-01 1.684459e+00 1.363858e+00	
7.196049e+03	5.673160e-01 1.798002e+00 1.363936e+00	
6.739989e+03	4.572511e-01 1.819279e+00 1.364091e+00	
7.604283e+03	7.241673e-01 1.678955e+00 1.364022e+00	
8.427457e+03	6.649565e-01 1.858534e+00 1.363979e+00	
9.784705e+03	6.475524e-01 1.762840e+00 1.363909e+00	
9.666104e+03	7.182903e-01 1.652465e+00 1.364005e+00	
1.026360e+04	4.370835e-01 1.764335e+00 1.364033e+00	
1.084026e+04	9.151958e-01 1.465348e+00 1.363992e+00	
4.449059e+06	5.963472e-01 1.959654e+00 1.364042e+00	
1.065416e+04	6.179357e-01 1.730342e+00 1.364030e+00	
4.452778e+06	4.842924e-01 1.844837e+00 1.364024e+00	
4.452814e+06	5.088873e-01 1.842323e+00 1.363890e+00	
1.272036e+04	7.090025e-01 1.553605e+00 1.363924e+00	
1.289095e+04	8.481823e-01 1.705669e+00 1.363940e+00	
1.227453e+04	4.577219e-01 1.619596e+00 1.363920e+00	
1.302556e+04	1.175650e+00 1.572570e+00 1.363899e+00	
1.280634e+04	6.240858e-01 1.562169e+00 1.363941e+00	
1.396096e+04	6.661433e-01 1.874113e+00 1.363984e+00	
1.392829e+04	5.840339e-01 1.945653e+00 1.363960e+00	
1.499075e+04	6.448484e-01 1.793052e+00 1.364066e+00	
1.587382e+04	1.042120e+00 1.696804e+00 1.363885e+00	
4.468136e+06	7.787933e-01 1.701572e+00 1.363987e+00	
1.654052e+04	5.563077e-01 1.796226e+00 1.364089e+00	
1.611208e+04	8.391140e-01 1.585499e+00 1.363982e+00	
1.797786e+04	4.381714e-01 1.546005e+00 1.364090e+00	
1.688203e+04	6.649780e-01 1.568842e+00 1.363924e+00	
4.473878e+06	7.402755e-01 1.723832e+00 1.363887e+00	
1.778803e+04	5.043998e-01 1.863977e+00 1.363909e+00	
1.709408e+04	4.089690e-01 1.723611e+00 1.364046e+00	
1.845692e+04	4.914323e-01 1.842267e+00 1.364105e+00	
1.819560e+04	5.012299e-01 1.530609e+00 1.364012e+00	
1.825843e+04	4.792207e-01 1.109457e+00 1.363934e+00	
4.476236e+06	5.015852e-01 1.819877e+00 1.363880e+00	
1.902853e+04	8.405341e-01 1.652517e+00 1.364097e+00	
1.887569e+04	5.631699e-01 1.783388e+00 1.363948e+00	
1.925670e+04	5.073005e-01 1.850347e+00 1.363988e+00	
1.913497e+04	4.402258e-01 1.792158e+00 1.363985e+00	
4.481134e+06	4.423776e-01 1.793584e+00 1.363988e+00	
2.062017e+04	8.397434e-01 1.688843e+00 1.364043e+00	
2.085082e+04	7.519603e-01 1.449524e+00 1.364013e+00	
2.050221e+04	5.331614e-01 1.738998e+00 1.364145e+00	
2.167894e+04	9.016480e-01 1.705281e+00 1.363992e+00	
2.126019e+04	6.448957e-01 1.578124e+00 1.363952e+00	
2.179645e+04	7.444110e-01 1.645340e+00 1.364011e+00	
2.261025e+04	6.973906e-01 1.776258e+00 1.363940e+00	
2.421964e+04	4.982977e-01 1.792868e+00 1.363917e+00	
2.452314e+04	5.391956e-01 1.869575e+00 1.364111e+00	
2.273710e+04	5.656391e-01 1.911518e+00 1.363903e+00	
2.387996e+04	4.409040e-01 1.804339e+00 1.363877e+00	
2.296721e+04	9.198540e-01 1.621558e+00 1.364003e+00	
2.299471e+04	6.275225e-01 1.526146e+00 1.364001e+00	
2.890725e+04	6.932969e-01 1.719524e+00 1.363989e+00	
2.893805e+04	7.199444e-01 1.445055e+00 1.363986e+00	
2.908307e+04	9.143212e-01 1.766528e+00 1.364008e+00	
2.909223e+04	5.147209e-01 1.693780e+00 1.363924e+00	
2.932803e+04	8.776725e-01 1.583524e+00 1.363871e+00	
2.942858e+04	6.756677e-01 1.897938e+00 1.364035e+00	
2.954482e+04	9.950806e-01 1.853680e+00 1.363960e+00	
3.094216e+04	6.531943e-01 1.815172e+00 1.363963e+00	
2.941410e+04	5.071019e-01 1.646401e+00 1.363896e+00	
2.981710e+04	1.084637e+00 1.599592e+00 1.363846e+00	
3.352710e+04	1.127770e+00 1.644317e+00 1.363892e+00	
3.228920e+04	5.276816e-01 1.352246e+00 1.363985e+00	
3.476865e+04	5.006748e-01 1.812034e+00 1.363993e+00	
3.322731e+04	6.662092e-01 1.810899e+00 1.364082e+00	
3.208421e+04	8.822650e-01 1.194648e+00 1.363874e+00	
3.301598e+04	5.890757e-01 1.804916e+00 1.363871e+00	
3.278208e+04	1.142971e+00 1.835295e+00 1.364055e+00	
3.474737e+04	5.004900e-01 1.789979e+00 1.364021e+00	
3.568687e+04	9.505010e-01 1.627452e+00 1.363919e+00	
3.502042e+04	1.058658e+00 1.136097e+00 1.363916e+00	
3.635562e+04	4.685492e-01 1.543019e+00 1.363951e+00	
3.760331e+04	1.114640e+00 1.745516e+00 1.363918e+00	
3.778831e+04	5.892215e-01 1.858741e+00 1.364085e+00	
3.662637e+04	1.052973e+00 1.476893e+00 1.364115e+00	
3.837674e+04	7.141967e-01 1.659134e+00 1.363927e+00	
4.128247e+04	1.136114e+00 1.768876e+00 1.363977e+00	
3.971295e+04	5.659168e-01 1.590646e+00 1.363920e+00	
4.202996e+04	5.376717e-01 1.850662e+00 1.364128e+00	
3.874666e+04	8.282913e-01 1.388335e+00 1.363969e+00	
4.311563e+04	6.644840e-01 1.137131e+00 1.363957e+00	
4.107783e+04	4.343011e-01 1.361669e+00 1.363904e+00	
4.803263e+04	4.466942e-01 1.683929e+00 1.364114e+00	
4.832394e+04	5.265394e-01 1.871273e+00 1.363960e+00	
4.724319e+04	4.885127e-01 1.019090e+00 1.364050e+00	
5.366335e+04	5.034018e-01 1.837054e+00 1.363976e+00	
4.866563e+04	6.755935e-01 1.579585e+00 1.363962e+00	
5.228702e+04	6.251790e-01 1.307111e+00 1.364092e+00	
5.116102e+04	6.738721e-01 1.579399e+00 1.363965e+00	
5.718011e+04	6.641535e-01 1.690574e+00 1.363854e+00	
5.131712e+04	5.069711e-01 1.806108e+00 1.363939e+00	
5.369857e+04	6.472633e-01 1.510653e+00 1.364079e+00	
5.268014e+04	5.530652e-01 1.554868e+00 1.363907e+00	
5.819878e+04	4.236096e-01 1.646461e+00 1.364099e+00	
5.761393e+04	8.156984e-01 1.882834e+00 1.363945e+00	
5.937495e+04	4.897933e-01 1.469315e+00 1.363987e+00	
5.860902e+04	5.106944e-01 1.849435e+00 1.363937e+00	
5.900389e+04	9.685795e-01 1.849806e+00 1.364063e+00	
5.983243e+04	5.830504e-01 1.731562e+00 1.363953e+00	
6.186440e+04	5.179488e-01 1.828036e+00 1.363914e+00	
6.253761e+04	7.127864e-01 1.679714e+00 1.364143e+00	
6.703204e+04	4.254047e-01 1.199687e+00 1.364128e+00	
6.948653e+04	5.636306e-01 1.387511e+00 1.363982e+00	
7.921626e+04	1.238558e+00 1.593586e+00 1.364060e+00	
7.936941e+04	4.859372e-01 1.844655e+00 1.363861e+00	
7.098136e+04	9.132494e-01 1.522479e+00 1.364012e+00	
7.766594e+04	6.596436e-01 1.155659e+00 1.363857e+00	
7.995591e+04	5.703468e-01 1.164136e+00 1.363861e+00	
8.740169e+04	5.484492e-01 1.566918e+00 1.364047e+00	
8.044012e+04	6.788426e-01 1.551969e+00 1.363925e+00	
8.148530e+04	8.072772e-01 1.799472e+00 1.364100e+00	
9.418411e+04	1.070853e+00 1.534284e+00 1.364114e+00	
8.714859e+04	8.645516e-01 1.708262e+00 1.363970e+00	
8.899126e+04	1.131341e+00 1.464380e+00 1.364006e+00	
1.019039e+05	5.007002e-01 1.619849e+00 1.364140e+00	
9.352284e+04	5.918121e-01 1.953279e+00 1.363841e+00	
9.554126e+04	7.424841e-01 1.850121e+00 1.363939e+00	
1.060627e+05	6.312800e-01 1.829220e+00 1.363987e+00	
9.916966e+04	4.773650e-01 1.156776e+00 1.364081e+00	
1.018062e+05	5.671817e-01 1.926739e+00 1.363899e+00	
1.069488e+05	4.308826e-01 9.638852e-01 1.363995e+00	
1.201953e+05	5.659095e-01 1.818893e+00 1.364090e+00	
1.147505e+05	9.806752e-01 1.903457e+00 1.363848e+00	
1.224360e+05	1.018815e+00 1.227448e+00 1.363969e+00	
1.187419e+05	7.795486e-01 1.830432e+00 1.363981e+00	
1.210933e+05	5.539991e-01 1.747975e+00 1.364077e+00	
1.290247e+05	5.221714e-01 1.883937e+00 1.363857e+00	
1.567298e+05	5.814317e-01 1.865034e+00 1.364052e+00	
1.422886e+05	7.302738e-01 1.865857e+00 1.364099e+00	
1.800359e+05	5.436832e-01 1.899027e+00 1.363984e+00	
2.055272e+05	7.571382e-01 1.789729e+00 1.363955e+00	
2.163611e+05	6.989968e-01 1.749935e+00 1.363991e+00	
2.163904e+05	5.504602e-01 1.608879e+00 1.364014e+00	
2.216849e+05	4.637530e-01 1.566430e+00 1.364056e+00	
2.193339e+05	9.593750e-01 1.835937e+00 1.363984e+00	
2.153326e+05	5.783256e-01 1.028980e+00 1.364007e+00	
2.243007e+05	1.291634e+00 1.852765e+00 1.363852e+00	
2.258448e+05	7.329373e-01 1.771380e+00 1.363997e+00	
2.253190e+05	4.661813e-01 1.490528e+00 1.363949e+00	
2.256897e+05	7.601543e-01 1.835148e+00 1.364010e+00	
2.324019e+05	8.908103e-01 1.592101e+00 1.363964e+00	
2.328526e+05	6.496296e-01 1.833865e+00 1.363895e+00	
2.359713e+05	7.988046e-01 1.789634e+00 1.363846e+00	
2.422500e+05	4.905271e-01 1.744809e+00 1.363965e+00	
2.344918e+05	9.550083e-01 1.729904e+00 1.364030e+00	
2.398569e+05	5.650572e-01 1.579026e+00 1.364059e+00	
2.411637e+05	7.632407e-01 1.356711e+00 1.363876e+00	
2.468425e+05	7.769968e-01 1.783786e+00 1.363967e+00	
2.477984e+05	4.479966e-01 1.811794e+00 1.363851e+00	
2.383985e+05	5.599410e-01 1.726929e+00 1.363889e+00	
2.433039e+05	6.580564e-01 1.634505e+00 1.363854e+00	
2.442113e+05	5.000140e-01 1.808742e+00 1.363929e+00	
2.501226e+05	6.834051e-01 1.714890e+00 1.363965e+00	
2.503762e+05	6.678021e-01 1.887174e+00 1.363908e+00	
2.504745e+05	5.727840e-01 1.674691e+00 1.363915e+00	
2.521894e+05	5.931433e-01 1.817545e+00 1.363999e+00	
2.481126e+05	9.926403e-01 1.643407e+00 1.364047e+00	
2.483141e+05	8.458362e-01 1.698203e+00 1.363995e+00	
2.799335e+03	5.659942e-01 1.905111e+00 1.364033e+00	
4.447464e+03	4.540213e-01 1.812999e+00 1.363965e+00	
5.815275e+03	5.530580e-01 1.846694e+00 1.364027e+00	
7.159434e+03	5.267592e-01 1.815079e+00 1.363842e+00	
8.199877e+03	6.944786e-01 1.669993e+00 1.364109e+00	
8.544320e+03	5.291278e-01 1.805124e+00 1.364131e+00	
9.874620e+03	7.818905e-01 1.619988e+00 1.364009e+00	
1.218570e+04	5.951499e-01 1.854800e+00 1.363904e+00	
1.265773e+04	5.638433e-01 1.820806e+00 1.363993e+00	
1.498622e+04	5.386664e-01 1.784098e+00 1.363947e+00	
1.548914e+04	9.881091e-01 1.695807e+00 1.363952e+00	
1.696298e+04	4.914338e-01 1.821633e+00 1.363916e+00	
1.721833e+04	9.751598e-01 1.502504e+00 1.363962e+00	
1.743620e+04	9.205677e-01 1.824235e+00 1.363994e+00	
1.791867e+04	5.117284e-01 1.722128e+00 1.364027e+00	
1.821400e+04	7.516578e-01 1.783322e+00 1.363947e+00	
1.899252e+04	6.522156e-01 1.700753e+00 1.363918e+00	
2.002721e+04	6.560847e-01 1.613093e+00 1.363872e+00	
1.947152e+04	7.553053e-01 1.758749e+00 1.364024e+00	
2.023869e+04	5.320812e-01 1.773316e+00 1.364130e+00	
1.999479e+04	8.693106e-01 1.865938e+00 1.363971e+00	
2.090976e+04	4.245134e-01 1.532578e+00 1.363920e+00	
2.055184e+04	6.157539e-01 1.546218e+00 1.363982e+00	
2.144475e+04	5.445803e-01 1.482693e+00 1.363960e+00	
2.232054e+04	7.004969e-01 1.563187e+00 1.364108e+00	
3.540991e+03	4.719766e-01 1.836071e+00 1.364101e+00	
5.456753e+03	4.475780e-01 1.803048e+00 1.363906e+00	
4.393175e+03	6.869496e-01 1.770208e+00 1.363901e+00	
8.268606e+03	5.361227e-01 1.842726e+00 1.363872e+00	
5.506088e+03	5.064623e-01 1.866285e+00 1.364102e+00	
5.422387e+03	5.491098e-01 1.905629e+00 1.363955e+00	
5.652062e+03	5.515271e-01 1.716716e+00 1.363870e+00	
1.095091e+04	6.617785e-01 1.456290e+00 1.364011e+00	
7.911396e+03	5.234015e-01 1.855499e+00 1.364015e+00	
8.639559e+03	4.947678e-01 1.661527e+00 1.364044e+00	
1.228081e+04	4.917243e-01 1.803315e+00 1.364003e+00	
9.304834e+03	4.989118e-01 1.275140e+00 1.363939e+00	
1.276001e+04	1.038473e+00 1.621656e+00 1.363863e+00	
1.284077e+04	6.420066e-01 1.752475e+00 1.364096e+00	
1.381845e+04	1.103469e+00 1.680397e+00 1.363955e+00	
1.067749e+04	6.236469e-01 1.560674e+00 1.363941e+00	
1.477872e+04	7.519273e-01 1.863396e+00 1.364111e+00	
1.549979e+04	5.087808e-01 1.801284e+00 1.364082e+00	
1.534497e+04	5.838189e-01 1.877933e+00 1.363974e+00	
1.634693e+04	5.023809e-01 1.866219e+00 1.364008e+00	
1.704850e+04	6.842786e-01 1.817271e+00 1.363980e+00	
1.353158e+04	9.713401e-01 1.786788e+00 1.364002e+00	
1.677431e+04	6.393135e-01 1.841081e+00 1.364067e+00	
1.356158e+04	6.258707e-01 1.729037e+00 1.364102e+00	
1.420820e+04	7.414345e-01 1.754926e+00 1.363981e+00	
1.473372e+04	6.508726e-01 1.392023e+00 1.363855e+00	
1.464099e+04	4.513512e-01 1.583469e+00 1.363954e+00	
1.895935e+04	5.868305e-01 1.597666e+00 1.364034e+00	
1.867390e+04	5.692304e-01 1.866077e+00 1.364042e+00	
1.973912e+04	5.152366e-01 1.795450e+00 1.363844e+00	
1.554336e+04	8.323450e-01 1.705496e+00 1.364103e+00	
1.593490e+04	7.984265e-01 1.579724e+00 1.364004e+00	
2.149513e+04	6.197545e-01 1.747939e+00 1.363956e+00	
1.954281e+04	8.123338e-01 1.668197e+00 1.363926e+00	
1.961443e+04	5.134972e-01 1.715584e+00 1.363861e+00	
2.026008e+04	6.940791e-01 1.543548e+00 1.363874e+00	
2.057314e+04	5.277410e-01 1.860234e+00 1.364011e+00	
2.108408e+04	1.071897e+00 1.769324e+00 1.363985e+00	
2.183775e+04	6.816290e-01 1.709601e+00 1.363967e+00	
9.703195e+02	7.540650e-01 1.751248e+00 1.363956e+00	
2.904033e+04	4.443621e-01 1.092046e+00 1.364098e+00	
2.957070e+04	4.021816e-01 1.471113e+00 1.363881e+00	
2.608579e+03	8.460416e-01 1.779872e+00 1.363855e+00	
2.801529e+04	8.731760e-01 1.754073e+00 1.363994e+00	
2.826018e+04	6.814390e-01 1.819845e+00 1.364006e+00	
2.511685e+04	4.829853e-01 1.744630e+00 1.363955e+00	
3.697435e+03	4.429743e-01 1.666129e+00 1.364048e+00	
2.622904e+04	4.997737e-01 1.612280e+00 1.363867e+00	
5.853642e+03	8.227998e-01 1.715169e+00 1.364109e+00	
5.010445e+03	7.989890e-01 1.736954e+00 1.363882e+00	
2.745510e+04	5.408186e-01 1.689972e+00 1.363894e+00	
5.207087e+03	5.252902e-01 1.888407e+00 1.364060e+00	
3.071015e+04	5.415091e-01 1.650591e+00 1.364080e+00	
5.824319e+03	6.310202e-01 1.885944e+00 1.363979e+00	
7.496833e+03	7.400895e-01 1.762009e+00 1.364002e+00	
3.369768e+04	9.067648e-01 1.510755e+00 1.363943e+00	
7.422001e+03	4.261067e-01 1.786198e+00 1.363881e+00	
7.838875e+03	5.359306e-01 1.706394e+00 1.363994e+00	
3.011733e+04	5.369824e-01 1.401844e+00 1.363943e+00	
9.334662e+03	5.815303e-01 1.586072e+00 1.363999e+00	
3.076117e+04	7.664787e-01 1.531090e+00 1.364024e+00	
9.389742e+03	4.669426e-01 1.771163e+00 1.363985e+00	
3.019197e+04	4.966364e-01 1.840096e+00 1.364112e+00	
9.568128e+03	4.441538e-01 1.696801e+00 1.363968e+00	
9.684511e+03	7.389373e-01 1.803739e+00 1.364062e+00	
9.911788e+03	4.224524e-01 1.782298e+00 1.363956e+00	
3.148387e+04	5.334907e-01 1.262980e+00 1.363989e+00	
9.339411e+03	5.065472e-01 1.792810e+00 1.363899e+00	
3.093436e+04	5.865621e-01 1.848368e+00 1.363862e+00	
1.057817e+04	5.016953e-01 1.845726e+00 1.363905e+00	
3.249081e+04	6.062239e-01 1.965156e+00 1.364035e+00	
1.032949e+04	7.972227e-01 1.561915e+00 1.363925e+00	
1.127473e+04	6.758709e-01 1.813009e+00 1.363963e+00	
3.531759e+04	5.745701e-01 1.642411e+00 1.363904e+00	
1.156344e+04	9.213391e-01 1.786764e+00 1.364001e+00	
1.165540e+04	4.664846e-01 1.519372e+00 1.364029e+00	
1.218932e+04	7.255041e-01 1.761823e+00 1.363905e+00	
3.311891e+04	5.730229e-01 1.832644e+00 1.363893e+00	
3.954299e+04	4.256228e-01 1.278811e+00 1.364011e+00	
1.303795e+04	5.421961e-01 1.902253e+00 1.364072e+00	
1.396642e+04	5.651568e-01 1.879855e+00 1.363902e+00	
1.407657e+04	7.316099e-01 1.748389e+00 1.364000e+00	
1.349741e+04	5.811215e-01 1.782066e+00 1.363986e+00	
1.437895e+04	7.740880e-01 1.746055e+00 1.364025e+00	
1.372381e+04	6.402649e-01 1.852208e+00 1.363920e+00	
1.474970e+04	6.339442e-01 1.806100e+00 1.363992e+00	
3.525861e+04	4.654057e-01 1.434263e+00 1.364003e+00	
3.881435e+04	7.701486e-01 1.880205e+00 1.364050e+00	
3.547768e+04	4.733378e-01 1.676116e+00 1.364014e+00	
1.552440e+04	4.745162e-01 1.777937e+00 1.364029e+00	
1.561563e+04	8.721893e-01 1.837367e+00 1.363993e+00	
1.572333e+04	8.373247e-01 1.657802e+00 1.364005e+00	
3.724936e+04	7.386243e-01 1.624958e+00 1.364073e+00	
3.595135e+04	1.052723e+00 1.596123e+00 1.363905e+00	
1.585814e+04	5.066907e-01 1.827148e+00 1.363949e+00	
1.590434e+04	6.522058e-01 1.483337e+00 1.363952e+00	
1.634098e+04	8.688899e-01 1.142912e+00 1.363903e+00	
1.641100e+04	4.186232e-01 1.760584e+00 1.364016e+00	
1.691302e+04	7.723152e-01 1.591981e+00 1.364083e+00	
1.615252e+04	5.701202e-01 1.903452e+00 1.364079e+00	
4.438676e+04	1.014475e+00 1.591104e+00 1.363936e+00	
1.816329e+04	4.190461e-01 1.512910e+00 1.363988e+00	
1.819469e+04	1.053740e+00 1.545773e+00 1.364037e+00	
1.852936e+04	8.522145e-01 1.765384e+00 1.364090e+00	
3.978089e+04	1.333101e+00 1.601158e+00 1.364121e+00	
4.033843e+04	9.822227e-01 1.802686e+00 1.364052e+00	
4.554540e+04	4.827078e-01 1.648091e+00 1.363996e+00	
1.806811e+04	9.202290e-01 1.795931e+00 1.363942e+00	
1.934124e+04	6.679117e-01 1.714416e+00 1.364010e+00	
1.981853e+04	7.730781e-01 1.690164e+00 1.364022e+00	
4.048992e+04	5.919278e-01 1.881540e+00 1.364125e+00	
2.051509e+04	6.745649e-01 1.437369e+00 1.364124e+00	
2.238621e+04	4.897168e-01 1.824758e+00 1.363914e+00	
4.331954e+04	6.153306e-01 1.571176e+00 1.363997e+00	
2.133466e+04	9.555988e-01 1.609781e+00 1.363888e+00	
4.463910e+04	8.484204e-01 1.498986e+00 1.363950e+00	
2.587553e+04	6.062923e-01 1.836213e+00 1.363902e+00	
4.654165e+04	6.092491e-01 1.690392e+00 1.364005e+00	
4.400078e+04	1.034381e+00 1.720955e+00 1.364134e+00	
2.547185e+04	7.415132e-01 1.689981e+00 1.364037e+00	
2.481611e+04	9.368201e-01 1.577989e+00 1.363978e+00	
2.572533e+04	4.928692e-01 1.715707e+00 1.364003e+00	
2.598374e+04	5.581737e-01 1.911582e+00 1.364054e+00	
2.740747e+04	4.252816e-01 1.740429e+00 1.363996e+00	
2.592000e+04	8.640343e-01 1.398145e+00 1.363900e+00	
2.693986e+04	5.024946e-01 1.769359e+00 1.363934e+00	
2.692740e+04	4.762291e-01 1.756610e+00 1.363994e+00	
2.924796e+04	5.836022e-01 1.296199e+00 1.363940e+00	
4.950561e+04	9.142280e-01 8.163960e-01 1.363886e+00	
3.111251e+04	7.766710e-01 1.501802e+00 1.363856e+00	
5.627284e+04	6.043062e-01 1.401009e+00 1.363880e+00	
3.040556e+04	1.089995e+00 1.670018e+00 1.363993e+00	
3.178277e+04	1.221047e+00 1.699508e+00 1.364040e+00	
5.172226e+04	1.456168e+00 1.626101e+00 1.363924e+00	
3.383274e+04	5.249934e-01 1.657198e+00 1.364113e+00	
5.291914e+04	6.823442e-01 1.891791e+00 1.364018e+00	
3.122933e+04	6.156422e-01 1.531302e+00 1.364003e+00	
5.878186e+04	7.417200e-01 1.590804e+00 1.363932e+00	
5.899868e+04	9.702358e-01 1.905163e+00 1.364007e+00	
5.262324e+04	8.990349e-01 1.674684e+00 1.364043e+00	
3.547742e+04	5.515183e-01 1.769195e+00 1.364059e+00	
3.273101e+04	5.895535e-01 1.587616e+00 1.364032e+00	
5.331913e+04	6.274024e-01 1.738197e+00 1.364003e+00	
6.115000e+04	9.319134e-01 1.764195e+00 1.364005e+00	
3.467866e+04	5.974934e-01 1.403606e+00 1.363943e+00	
1.535389e+03	5.448480e-01 1.894354e+00 1.364085e+00	
3.414810e+04	1.050658e+00 1.775684e+00 1.363910e+00	
3.430698e+04	5.855050e-01 1.885084e+00 1.364002e+00	
3.505641e+04	8.189527e-01 1.781312e+00 1.364028e+00	
3.768328e+04	9.067783e-01 1.850499e+00 1.364017e+00	
3.483474e+04	4.953580e-01 1.403583e+00 1.364108e+00	
3.533441e+04	8.752503e-01 1.722601e+00 1.363954e+00	
3.583197e+04	6.514371e-01 1.660802e+00 1.364062e+00	
3.950325e+04	1.237915e+00 1.817000e+00 1.363940e+00	
6.334136e+04	5.879094e-01 1.416345e+00 1.363982e+00	
5.798927e+04	1.249021e+00 1.705493e+00 1.363863e+00	
3.981400e+04	4.903727e-01 1.814212e+00 1.363842e+00	
3.874144e+04	5.238592e-01 1.885451e+00 1.363867e+00	
3.978725e+04	4.552760e-01 1.694856e+00 1.363986e+00	
4.012653e+04	6.605432e-01 1.619313e+00 1.364060e+00	
5.645687e+04	6.875916e-01 1.623083e+00 1.364101e+00	
4.117641e+04	5.028358e-01 1.840730e+00 1.364080e+00	
4.160076e+04	1.428271e+00 1.659393e+00 1.363990e+00	
4.434802e+04	5.561348e-01 1.779536e+00 1.363999e+00	
5.933974e+04	6.667734e-01 1.872049e+00 1.364072e+00	
4.226952e+04	7.550000e-01 1.738219e+00 1.363993e+00	
5.791185e+04	7.464653e-01 1.475223e+00 1.363904e+00	
4.276815e+04	5.105643e-01 1.706220e+00 1.363986e+00	
4.323856e+04	4.893594e-01 1.172701e+00 1.363879e+00	
6.997314e+04	8.102104e-01 1.540688e+00 1.364003e+00	
4.357383e+04	6.253598e-01 1.975131e+00 1.364010e+00	
4.444761e+04	9.592528e-01 1.607402e+00 1.363971e+00	
4.885132e+04	8.684392e-01 1.775280e+00 1.363936e+00	
4.669807e+04	5.449424e-01 1.619903e+00 1.363984e+00	
6.099039e+04	5.561815e-01 1.646004e+00 1.364076e+00	
6.153942e+04	5.996342e-01 1.271123e+00 1.364117e+00	
5.055523e+04	7.505851e-01 1.627175e+00 1.364091e+00	
7.893463e+03	7.100606e-01 1.759076e+00 1.364050e+00	
4.795188e+04	5.919591e-01 1.935558e+00 1.363878e+00	
4.806267e+04	4.246890e-01 1.548318e+00 1.363949e+00	
4.781827e+04	4.887035e-01 1.818318e+00 1.363910e+00	
6.451028e+04	1.284516e+00 1.576144e+00 1.364114e+00	
7.492144e+04	8.261158e-01 1.711182e+00 1.363933e+00	
6.473010e+04	9.150968e-01 1.680473e+00 1.364045e+00	
4.904533e+04	9.461161e-01 1.765087e+00 1.363979e+00	
5.422425e+04	5.991298e-01 1.895793e+00 1.364084e+00	
7.848257e+04	7.503536e-01 1.665956e+00 1.364121e+00	
5.778989e+04	6.898311e-01 9.723782e-01 1.363994e+00	
6.809176e+04	5.436960e-01 1.702993e+00 1.364019e+00	
6.754397e+04	6.778820e-01 1.711535e+00 1.364124e+00	
7.463746e+04	4.479233e-01 1.811582e+00 1.363980e+00	
1.204763e+04	8.360638e-01 1.620642e+00 1.363984e+00	
8.019777e+04	1.068818e+00 1.778213e+00 1.363987e+00	
1.211058e+04	8.384043e-01 1.706715e+00 1.364066e+00	
6.426129e+04	5.694256e-01 1.643995e+00 1.363985e+00	
6.487165e+04	9.653784e-01 1.848627e+00 1.363917e+00	
6.544509e+04	9.765893e-01 1.824228e+00 1.363996e+00	
1.552774e+04	5.252782e-01 1.775233e+00 1.364092e+00	
1.601853e+04	5.044904e-01 1.867787e+00 1.364023e+00	
6.203286e+04	7.033454e-01 1.559834e+00 1.363910e+00	
1.648134e+04	1.072752e+00 1.637393e+00 1.364099e+00	
1.688054e+04	4.603273e-01 1.707930e+00 1.364123e+00	
7.453481e+04	5.174512e-01 1.315757e+00 1.364046e+00	
1.730708e+04	5.114193e-01 1.666715e+00 1.364005e+00	
6.438342e+04	5.258735e-01 1.634633e+00 1.363964e+00	
1.734589e+04	5.760367e-01 1.669318e+00 1.364135e+00	
7.000941e+04	1.027361e+00 1.892163e+00 1.363935e+00	
6.489717e+04	4.109857e-01 1.578660e+00 1.363854e+00	
8.284428e+04	4.752264e-01 1.575579e+00 1.364106e+00	
6.663030e+04	7.662159e-01 1.761839e+00 1.363973e+00	
1.874878e+04	7.406063e-01 1.752730e+00 1.363942e+00	
6.800835e+04	4.526127e-01 1.467453e+00 1.364130e+00	
1.891228e+04	4.930676e-01 1.567971e+00 1.363987e+00	
7.212096e+04	1.134872e+00 1.757337e+00 1.363966e+00	
2.223449e+04	5.997473e-01 1.877416e+00 1.363974e+00	
7.547060e+04	9.394971e-01 1.907615e+00 1.363929e+00	
2.387375e+04	4.466485e-01 1.025313e+00 1.363938e+00	
8.201500e+04	9.819958e-01 1.628031e+00 1.363926e+00	
2.405697e+04	1.048160e+00 1.385664e+00 1.363952e+00	
8.179588e+04	6.005476e-01 1.616556e+00 1.363846e+00	
9.225375e+04	3.779588e-01 1.501693e+00 1.364006e+00	
9.375875e+04	6.368850e-01 1.969470e+00 1.364016e+00	
1.001868e+05	4.906316e-01 1.781614e+00 1.364105e+00	
2.641246e+04	9.595187e-01 1.801186e+00 1.363922e+00	
8.479886e+04	7.305106e-01 1.813368e+00 1.364013e+00	
8.546310e+04	5.046140e-01 1.638523e+00 1.363879e+00	
8.658962e+04	9.892581e-01 1.673501e+00 1.364059e+00	
3.219452e+04	8.530172e-01 1.821796e+00 1.364092e+00	
9.216827e+04	7.780542e-01 1.517937e+00 1.363912e+00	
3.480702e+04	4.633683e-01 1.685662e+00 1.364002e+00	
3.489220e+04	4.976220e-01 1.858029e+00 1.364013e+00	
9.884483e+04	1.034809e+00 1.665577e+00 1.364056e+00	
3.796644e+04	1.049500e+00 1.466117e+00 1.364129e+00	
3.802385e+04	8.412415e-01 1.757453e+00 1.364089e+00	
9.896282e+04	1.022051e+00 1.671544e+00 1.363925e+00	
1.058802e+05	7.999980e-01 1.964994e+00 1.364116e+00	
9.809999e+04	7.189045e-01 1.354532e+00 1.364005e+00	
1.022316e+05	5.567674e-01 1.541369e+00 1.363997e+00	
1.019268e+05	6.469485e-01 1.960809e+00 1.364092e+00	
1.181972e+05	1.068368e+00 1.703573e+00 1.364013e+00	
1.088085e+05	5.974524e-01 1.620166e+00 1.363988e+00	
1.140500e+05	8.530048e-01 1.749044e+00 1.364100e+00	
1.171025e+05	1.307604e+00 1.655501e+00 1.363938e+00	
5.479439e+04	4.761391e-01 1.686277e+00 1.363939e+00	
5.566088e+04	4.267418e-01 1.628053e+00 1.363854e+00	
5.953856e+04	6.340084e-01 1.915756e+00 1.364071e+00	
6.021611e+04	9.888446e-01 1.760403e+00 1.364086e+00	
6.329449e+04	6.338485e-01 1.859976e+00 1.363928e+00	
6.875221e+04	7.069378e-01 1.931488e+00 1.364121e+00	
1.446420e+05	5.713954e-01 1.896332e+00 1.363973e+00	
7.860827e+04	4.217208e-01 1.728860e+00 1.364109e+00	
8.058746e+04	6.100643e-01 1.657506e+00 1.363936e+00	
1.640210e+05	5.915228e-01 1.547462e+00 1.364029e+00	
1.434499e+05	7.897827e-01 1.852978e+00 1.363927e+00	
1.646726e+05	6.188375e-01 1.819504e+00 1.364065e+00	
8.753329e+04	4.633458e-01 1.318687e+00 1.364011e+00	
1.665608e+05	6.389359e-01 1.894855e+00 1.363985e+00	
1.663837e+05	7.083862e-01 1.594460e+00 1.363862e+00	
1.007321e+05	1.109425e+00 1.611271e+00 1.364054e+00	
1.955847e+05	1.082013e+00 1.826463e+00 1.363975e+00	
1.175873e+05	1.175483e+00 1.897229e+00 1.364106e+00	
2.019409e+05	8.678500e-01 1.786637e+00 1.363954e+00	
1.978075e+05	5.331981e-01 1.849074e+00 1.363993e+00	
1.902453e+05	1.030748e+00 1.792745e+00 1.364060e+00	
2.108504e+05	4.515669e-01 1.610483e+00 1.363949e+00	
2.092872e+05	9.323535e-01 1.837073e+00 1.364066e+00	
2.138566e+05	6.614767e-01 1.791181e+00 1.364059e+00	
2.238841e+05	4.685649e-01 1.676731e+00 1.364030e+00	
2.229685e+05	4.562023e-01 1.653357e+00 1.364026e+00	
2.233731e+05	9.928042e-01 1.825455e+00 1.364089e+00	
2.292062e+05	4.788686e-01 1.486993e+00 1.363962e+00	
2.294706e+05	4.406245e-01 1.695304e+00 1.363898e+00	
2.287788e+05	4.536807e-01 1.780744e+00 1.363985e+00	
2.300373e+05	7.254098e-01 1.737709e+00 1.364092e+00	
2.311928e+05	5.625100e-01 1.920250e+00 1.363996e+00	
2.316303e+05	5.238900e-01 1.885742e+00 1.363994e+00	
2.323870e+05	8.209538e-01 1.494711e+00 1.363878e+00	
2.347096e+05	5.324037e-01 1.852166e+00 1.363859e+00	
2.365789e+05	5.570821e-01 1.920990e+00 1.364114e+00	
2.386250e+05	5.020929e-01 1.824683e+00 1.364009e+00	
2.379669e+05	4.749153e-01 1.632325e+00 1.363841e+00	
2.218751e+05	5.563115e-01 1.814628e+00 1.363891e+00	
2.420486e+05	4.471741e-01 1.741080e+00 1.364023e+00	
2.166633e+05	9.438668e-01 1.429568e+00 1.364087e+00	
2.459576e+05	1.616887e+00 1.803664e+00 1.364030e+00	
2.256808e+05	5.663450e-01 1.913818e+00 1.364055e+00	
2.128495e+05	4.293909e-01 1.714317e+00 1.364101e+00	
2.419640e+05	6.928736e-01 1.794642e+00 1.363885e+00	
2.250393e+05	4.332203e-01 1.549528e+00 1.364050e+00	
2.436270e+05	6.512962e-01 1.684062e+00 1.363968e+00	
2.478330e+05	5.355914e-01 1.509478e+00 1.363870e+00	
2.512670e+05	1.262611e+00 1.676245e+00 1.364092e+00	
2.517671e+05	6.951812e-01 1.773474e+00 1.364037e+00	
2.541511e+05	6.860882e-01 1.496216e+00 1.364048e+00	
2.522792e+05	9.347823e-01 1.377847e+00 1.364029e+00	
2.528010e+05	6.983382e-01 1.700154e+00 1.363970e+00	
2.314580e+05	7.362559e-01 1.594624e+00 1.363901e+00	
2.225391e+05	4.014990e-01 1.537789e+00 1.363972e+00	
2.237620e+05	6.980125e-01 1.461297e+00 1.363936e+00	
2.314553e+05	6.389551e-01 1.451484e+00 1.363935e+00	
2.250387e+05	7.458817e-01 1.481524e+00 1.363909e+00	
2.256894e+05	8.151755e-01 1.522130e+00 1.364005e+00	
2.574974e+05	5.382439e-01 1.756544e+00 1.364003e+00	
2.230776e+05	6.622841e-01 1.705172e+00 1.363977e+00	
2.580971e+05	5.423578e-01 1.767596e+00 1.363871e+00	
2.248833e+05	8.931096e-01 1.828640e+00 1.363964e+00	
2.284973e+05	4.262685e-01 1.494124e+00 1.364140e+00	
2.658287e+05	6.591765e-01 1.747143e+00 1.363990e+00	
2.623330e+05	4.835104e-01 1.670636e+00 1.363992e+00	
2.393263e+05	5.879380e-01 1.828765e+00 1.364082e+00	
2.315598e+05	4.801912e-01 1.609011e+00 1.363994e+00	
2.648170e+05	8.944904e-01 1.795009e+00 1.363874e+00	
2.734772e+05	5.724357e-01 1.857361e+00 1.364122e+00	
2.310610e+05	9.359678e-01 1.523589e+00 1.363973e+00	
2.337279e+05	4.417106e-01 1.590039e+00 1.363936e+00	
2.399814e+05	4.323227e-01 1.651042e+00 1.363913e+00	
2.323905e+05	5.294513e-01 1.874175e+00 1.364006e+00	
2.406462e+05	1.171804e+00 1.510196e+00 1.364119e+00	
2.420274e+05	4.731124e-01 1.027172e+00 1.363859e+00	
2.775122e+05	6.147272e-01 1.236825e+00 1.363957e+00	
2.806690e+05	6.480317e-01 1.784821e+00 1.364024e+00	
2.444762e+05	5.000580e-01 1.779455e+00 1.364130e+00	
2.328948e+05	5.984690e-01 1.785760e+00 1.364043e+00	
2.331593e+05	6.969987e-01 1.915590e+00 1.364057e+00	
2.798090e+05	8.254129e-01 1.576021e+00 1.363999e+00	
2.876109e+05	8.407691e-01 1.584404e+00 1.364015e+00	
2.906528e+05	7.798028e-01 1.712815e+00 1.363845e+00	
2.887693e+05	4.864613e-01 1.726525e+00 1.363927e+00	
2.922580e+05	8.775534e-01 1.809526e+00 1.363966e+00	
2.473036e+05	6.364183e-01 1.855128e+00 1.364046e+00	
2.929234e+05	1.129295e+00 1.625735e+00 1.364055e+00	
2.504490e+05	8.659623e-01 1.504832e+00 1.364037e+00	
2.516620e+05	5.040939e-01 1.413869e+00 1.363945e+00	
2.547295e+05	4.349241e-01 1.733261e+00 1.364133e+00	
2.559863e+05	5.937677e-01 1.708827e+00 1.363979e+00	
2.571050e+05	5.174161e-01 1.871726e+00 1.364010e+00	
2.570008e+05	7.523006e-01 1.334270e+00 1.363850e+00	
2.586803e+05	1.304352e+00 1.678738e+00 1.364052e+00	
2.436198e+05	8.853924e-01 1.704876e+00 1.363967e+00	
2.438128e+05	7.677468e-01 1.693174e+00 1.363923e+00	
2.607860e+05	5.056658e-01 1.602847e+00 1.363924e+00	
2.510306e+05	8.182981e-01 1.642604e+00 1.364031e+00	
2.664269e+05	6.803005e-01 1.593678e+00 1.363955e+00	
2.522733e+05	5.832751e-01 1.551758e+00 1.364134e+00	
2.633770e+05	9.635928e-01 1.736901e+00 1.363875e+00	
3.129672e+05	6.679868e-01 1.930554e+00 1.364093e+00	
2.497249e+05	5.482500e-01 1.341470e+00 1.364069e+00	
2.694889e+05	4.578425e-01 1.620342e+00 1.364058e+00	
2.697724e+05	9.384727e-01 1.617229e+00 1.363984e+00	
3.185162e+05	4.354011e-01 1.799391e+00 1.364080e+00	
2.702927e+05	6.092301e-01 1.614627e+00 1.363979e+00	
3.240661e+05	5.716865e-01 1.889585e+00 1.364009e+00	
2.719609e+05	5.261721e-01 1.861352e+00 1.364129e+00	
2.656814e+05	6.922476e-01 1.764789e+00 1.363869e+00	
2.657226e+05	6.232287e-01 1.820615e+00 1.364026e+00	
2.740511e+05	1.115966e+00 1.541060e+00 1.363940e+00	
2.532573e+05	5.440965e-01 1.801381e+00 1.363856e+00	
2.575172e+05	8.473501e-01 1.711334e+00 1.363997e+00	
2.784331e+05	6.747351e-01 1.878640e+00 1.364010e+00	
3.242101e+05	4.507741e-01 1.492992e+00 1.364022e+00	
3.252929e+05	8.446105e-01 1.835973e+00 1.363867e+00	
2.593288e+05	7.580285e-01 2.018646e+00 1.364003e+00	
2.593659e+05	4.980956e-01 1.857424e+00 1.363965e+00	
2.605770e+05	6.580820e-01 1.001867e+00 1.363860e+00	
2.608051e+05	8.717833e-01 1.820082e+00 1.363953e+00	
2.577245e+05	7.365259e-01 1.469730e+00 1.363975e+00	
3.351954e+05	6.222736e-01 1.495229e+00 1.363983e+00	
2.622930e+05	9.830798e-01 1.752798e+00 1.364135e+00	
2.652650e+05	4.170775e-01 1.250077e+00 1.364065e+00	
3.470403e+05	5.682561e-01 1.584142e+00 1.364055e+00	
3.388638e+05	6.708656e-01 1.872373e+00 1.364088e+00	
3.468040e+05	6.745034e-01 1.825917e+00 1.363936e+00	
2.806786e+05	5.799698e-01 1.844957e+00 1.363869e+00	
3.534710e+05	5.251813e-01 1.579011e+00 1.364006e+00	
2.707973e+05	4.186716e-01 1.369239e+00 1.364118e+00	
2.994277e+05	7.596896e-01 1.534867e+00 1.364022e+00	
3.487450e+05	6.661753e-01 1.348602e+00 1.363861e+00	
3.610078e+05	6.976847e-01 1.830527e+00 1.363938e+00	
2.718910e+05	5.240005e-01 1.609598e+00 1.363981e+00	
3.083514e+05	4.564396e-01 1.780321e+00 1.363958e+00	
2.938190e+05	1.065552e+00 1.949904e+00 1.363846e+00	
3.723250e+05	8.459786e-01 1.766862e+00 1.363999e+00	
2.797203e+05	5.192027e-01 1.882116e+00 1.363947e+00	
3.195685e+05	6.327896e-01 1.831344e+00 1.363870e+00	
2.840274e+05	4.851092e-01 1.815876e+00 1.363953e+00	
3.770836e+05	4.815474e-01 1.757789e+00 1.363863e+00	
2.867064e+05	6.669619e-01 1.689290e+00 1.363970e+00	
2.877533e+05	6.810446e-01 1.489400e+00 1.364110e+00	
3.882856e+05	8.704215e-01 1.705736e+00 1.363983e+00	
2.870281e+05	5.882773e-01 1.838255e+00 1.363920e+00	
3.936956e+05	4.353717e-01 1.302970e+00 1.364066e+00	
2.916986e+05	9.172236e-01 1.615675e+00 1.363945e+00	
2.954392e+05	4.593209e-01 1.303687e+00 1.363879e+00	
2.955755e+05	7.467712e-01 1.733372e+00 1.364012e+00	
4.018801e+05	1.166960e+00 1.617872e+00 1.364016e+00	
3.232050e+05	5.774480e-01 1.912857e+00 1.364019e+00	
4.061887e+05	5.181364e-01 1.710047e+00 1.363984e+00	
3.048728e+05	4.210186e-01 1.740736e+00 1.364065e+00	
4.067994e+05	7.223282e-01 1.837360e+00 1.364041e+00	
3.314896e+05	1.003810e+00 1.685270e+00 1.364050e+00	
3.159839e+05	6.737085e-01 1.535280e+00 1.363996e+00	
4.168077e+05	7.293837e-01 1.778072e+00 1.364015e+00	
3.417883e+05	8.899917e-01 1.835504e+00 1.364099e+00	
3.196668e+05	6.099085e-01 1.945205e+00 1.363842e+00	
4.190920e+05	4.268362e-01 1.302968e+00 1.364077e+00	
3.914219e+05	4.052762e-01 1.747901e+00 1.364108e+00	
4.250524e+05	7.101330e-01 1.432349e+00 1.363858e+00	
3.932055e+05	1.086054e+00 1.560721e+00 1.364111e+00	
4.268390e+05	5.447137e-01 1.877239e+00 1.363918e+00	
4.267462e+05	6.899129e-01 1.941021e+00 1.364034e+00	
3.338909e+05	6.673406e-01 1.756359e+00 1.364020e+00	
3.572469e+05	9.507827e-01 1.563535e+00 1.364091e+00	
3.375657e+05	8.396983e-01 1.516593e+00 1.363989e+00	
4.370608e+05	5.095999e-01 1.873270e+00 1.364005e+00	
4.349046e+05	5.436506e-01 1.830507e+00 1.363942e+00	
4.394944e+05	4.425584e-01 1.744916e+00 1.364105e+00	
4.363717e+05	1.047997e+00 1.864211e+00 1.364106e+00	
4.433553e+05	7.576178e-01 1.497293e+00 1.363992e+00	
3.834555e+05	5.699447e-01 1.356492e+00 1.364005e+00	
3.626740e+05	5.301551e-01 1.656633e+00 1.363961e+00	
3.833753e+05	4.600185e-01 1.302792e+00 1.363915e+00	
4.526482e+05	4.782447e-01 1.740514e+00 1.363891e+00	
3.887093e+05	6.305544e-01 1.666767e+00 1.364036e+00	
4.540247e+05	8.542630e-01 1.391113e+00 1.363942e+00	
4.505256e+05	7.171785e-01 1.741781e+00 1.363916e+00	
4.542805e+05	8.388161e-01 1.342688e+00 1.363991e+00	
4.577327e+05	1.053044e+00 1.683008e+00 1.363908e+00	
4.575506e+05	1.297378e+00 1.722982e+00 1.363915e+00	
4.580410e+05	6.910780e-01 1.635814e+00 1.364060e+00	
4.580468e+05	4.798246e-01 1.841826e+00 1.363966e+00	
4.583968e+05	5.336847e-01 1.897449e+00 1.364061e+00	
4.656351e+05	7.190851e-01 1.196808e+00 1.363927e+00	
4.294520e+05	6.461840e-01 1.268305e+00 1.364059e+00	
4.691192e+05	6.847073e-01 1.835667e+00 1.364012e+00	
4.734890e+05	8.670551e-01 1.850608e+00 1.364106e+00	
4.680024e+05	7.195721e-01 1.443847e+00 1.364007e+00	
4.725205e+05	6.373064e-01 1.741626e+00 1.364012e+00	
4.060335e+05	7.085661e-01 1.348388e+00 1.364015e+00	
4.748855e+05	6.077055e-01 1.790295e+00 1.364078e+00	
3.948659e+05	4.963493e-01 1.821272e+00 1.363913e+00	
4.753658e+05	5.178673e-01 1.616691e+00 1.363989e+00	
4.796261e+05	5.502069e-01 1.881205e+00 1.364047e+00	
4.806020e+05	4.890867e-01 1.160298e+00 1.363982e+00	
3.979558e+05	7.459115e-01 1.742475e+00 1.363852e+00	
4.815996e+05	4.564235e-01 1.028664e+00 1.363987e+00	
4.481024e+05	5.176042e-01 1.823824e+00 1.363968e+00	
4.907270e+05	4.449075e-01 1.808467e+00 1.363926e+00	
4.909668e+05	5.434963e-01 1.744231e+00 1.364015e+00	
4.125117e+05	5.383135e-01 1.824094e+00 1.364003e+00	
4.972957e+05	6.301574e-01 1.895240e+00 1.364112e+00	
5.004242e+05	1.359517e+00 1.570968e+00 1.363985e+00	
4.166588e+05	5.285996e-01 1.557811e+00 1.363915e+00	
4.666964e+05	8.471132e-01 1.690379e+00 1.364024e+00	
4.201917e+05	6.903372e-01 1.880357e+00 1.363880e+00	
4.227888e+05	5.631017e-01 1.825630e+00 1.363993e+00	
5.253996e+05	5.388437e-01 1.651235e+00 1.364087e+00	
5.208538e+05	5.032551e-01 1.864543e+00 1.363971e+00	
4.805308e+05	7.672843e-01 1.462072e+00 1.363995e+00	
4.807670e+05	5.302603e-01 1.601694e+00 1.364028e+00	
4.273864e+05	5.165826e-01 1.879900e+00 1.364041e+00	
5.355072e+05	1.005722e+00 1.591098e+00 1.363977e+00	
5.424997e+05	5.329827e-01 1.884863e+00 1.363891e+00	
4.318909e+05	5.084260e-01 1.362177e+00 1.363998e+00	
4.329705e+05	4.301977e-01 1.597365e+00 1.363877e+00	
5.430304e+05	4.286795e-01 1.660573e+00 1.363951e+00	
4.337219e+05	5.212442e-01 1.759995e+00 1.364016e+00	
5.425960e+05	5.740913e-01 1.469308e+00 1.363913e+00	
5.459002e+05	7.279645e-01 1.770124e+00 1.364050e+00	
4.393524e+05	7.284041e-01 1.842154e+00 1.364003e+00	
4.394646e+05	6.439519e-01 1.511369e+00 1.363976e+00	
5.556834e+05	8.085639e-01 1.478003e+00 1.364048e+00	
4.414454e+05	4.243169e-01 1.420988e+00 1.364057e+00	
4.419815e+05	5.089209e-01 1.624611e+00 1.364098e+00	
4.425469e+05	5.646242e-01 1.777153e+00 1.364127e+00	
4.313263e+05	6.632951e-01 1.616086e+00 1.363992e+00	
4.312847e+05	7.209883e-01 1.644934e+00 1.363936e+00	
4.324034e+05	6.760728e-01 1.719377e+00 1.364099e+00	
4.357649e+05	8.703065e-01 1.283291e+00 1.363981e+00	
5.822966e+05	8.076117e-01 1.457741e+00 1.364076e+00	
5.843085e+05	9.343283e-01 1.654970e+00 1.363908e+00	
5.417095e+05	7.664374e-01 1.933894e+00 1.363890e+00	
4.553594e+05	5.436230e-01 1.803061e+00 1.364125e+00	
4.572818e+05	8.089928e-01 1.775736e+00 1.363980e+00	
4.398327e+05	6.887866e-01 1.715686e+00 1.363947e+00	
5.439839e+05	5.951930e-01 1.610830e+00 1.364036e+00	
4.625739e+05	4.808309e-01 1.490032e+00 1.364044e+00	
4.463881e+05	4.274324e-01 1.717940e+00 1.363892e+00	
4.654561e+05	6.357782e-01 1.923895e+00 1.364001e+00	
4.666148e+05	1.033657e+00 1.820487e+00 1.364027e+00	
6.082896e+05	5.389651e-01 1.848561e+00 1.364021e+00	
6.133487e+05	5.677805e-01 1.570126e+00 1.364047e+00	
4.511370e+05	5.902998e-01 1.823927e+00 1.363946e+00	
4.522594e+05	4.533927e-01 1.797286e+00 1.364119e+00	
6.089671e+05	6.829063e-01 1.845964e+00 1.363974e+00	
6.113489e+05	7.715749e-01 1.804158e+00 1.363957e+00	
6.111824e+05	4.292502e-01 1.718478e+00 1.363950e+00	
6.112931e+05	6.046926e-01 1.633612e+00 1.364005e+00	
6.135423e+05	5.999402e-01 1.680851e+00 1.363963e+00	
4.805433e+05	7.295245e-01 1.553233e+00 1.364080e+00	
5.969375e+05	1.193509e+00 1.817315e+00 1.363921e+00	
4.841694e+05	4.264897e-01 1.778796e+00 1.364029e+00	
4.828219e+05	4.304308e-01 1.772017e+00 1.363877e+00	
6.235554e+05	7.073690e-01 1.315296e+00 1.364111e+00	
6.256952e+05	1.261622e+00 1.770882e+00 1.363982e+00	
6.313364e+05	4.717379e-01 1.617557e+00 1.363946e+00	
6.255875e+05	4.928669e-01 1.852074e+00 1.363978e+00	
6.281980e+05	5.184043e-01 1.840353e+00 1.364022e+00	
6.313782e+05	4.892074e-01 1.814522e+00 1.364005e+00	
6.311717e+05	9.991851e-01 1.537887e+00 1.364051e+00	
4.981618e+05	5.960943e-01 1.711227e+00 1.363910e+00	
6.385361e+05	4.931736e-01 1.842388e+00 1.364046e+00	
6.379604e+05	6.861494e-01 1.728831e+00 1.364052e+00	
4.823032e+05	6.315699e-01 1.963523e+00 1.364071e+00	
5.015590e+05	6.797265e-01 1.708298e+00 1.363970e+00	
6.458875e+05	1.270452e+00 1.801926e+00 1.364044e+00	
6.143519e+05	7.315495e-01 1.859315e+00 1.364086e+00	
6.409348e+05	8.540305e-01 1.689449e+00 1.363981e+00	
6.448944e+05	4.672930e-01 1.818546e+00 1.363943e+00	
6.467565e+05	7.930848e-01 1.602467e+00 1.363943e+00	
6.533584e+05	4.961420e-01 1.708842e+00 1.364026e+00	
4.903202e+05	4.451251e-01 1.806206e+00 1.363970e+00	
6.273798e+05	8.646879e-01 1.774680e+00 1.363952e+00	
6.623951e+05	4.998918e-01 1.646278e+00 1.363961e+00	
5.226633e+05	5.477303e-01 1.477400e+00 1.364077e+00	
6.669254e+05	9.036460e-01 1.910722e+00 1.364024e+00	
6.609995e+05	4.594689e-01 1.371305e+00 1.363975e+00	
6.634279e+05	5.619883e-01 1.788235e+00 1.364001e+00	
6.621707e+05	5.896139e-01 1.814195e+00 1.363935e+00	
5.313707e+05	7.725147e-01 1.655133e+00 1.363928e+00	
6.380625e+05	8.576660e-01 1.569840e+00 1.364100e+00	
6.690499e+05	4.430585e-01 1.313639e+00 1.364013e+00	
6.394198e+05	6.139802e-01 1.826968e+00 1.364000e+00	
6.781263e+05	7.208902e-01 1.570504e+00 1.363967e+00	
6.716529e+05	4.900347e-01 1.107132e+00 1.363992e+00	
5.149524e+05	8.086025e-01 1.743897e+00 1.363995e+00	
6.732811e+05	4.188396e-01 1.769519e+00 1.363962e+00	
6.740901e+05	5.982659e-01 1.116843e+00 1.363952e+00	
5.170459e+05	5.182343e-01 1.154895e+00 1.363983e+00	
5.132115e+05	7.836284e-01 1.542898e+00 1.363917e+00	
6.780547e+05	8.799711e-01 1.653042e+00 1.363950e+00	
6.782436e+05	9.845030e-01 1.817377e+00 1.363949e+00	
5.511828e+05	5.522565e-01 1.915820e+00 1.364052e+00	
6.849066e+05	6.835531e-01 1.779609e+00 1.363987e+00	
6.937868e+05	4.333320e-01 1.606303e+00 1.364049e+00	
6.974572e+05	6.783905e-01 1.733947e+00 1.364043e+00	
6.623113e+05	5.590556e-01 1.334693e+00 1.363923e+00	
6.973896e+05	5.139388e-01 1.673076e+00 1.363918e+00	
7.146198e+05	1.115846e+00 1.709881e+00 1.364031e+00	
6.731999e+05	4.636910e-01 1.478027e+00 1.364067e+00	
7.119749e+05	5.558669e-01 1.824593e+00 1.363982e+00	
7.107276e+05	7.288844e-01 1.551782e+00 1.363909e+00	
7.126232e+05	5.109945e-01 1.848694e+00 1.363941e+00	
7.233557e+05	4.677352e-01 1.824422e+00 1.364002e+00	
6.795332e+05	5.381936e-01 1.888730e+00 1.364038e+00	
7.270282e+05	1.047137e+00 1.754219e+00 1.363895e+00	
6.834915e+05	1.158942e+00 1.649803e+00 1.363979e+00	
7.256403e+05	5.279310e-01 1.713476e+00 1.364087e+00	
7.260448e+05	5.101872e-01 1.873785e+00 1.363975e+00	
7.342553e+05	5.419252e-01 1.900693e+00 1.363927e+00	
6.973019e+05	5.946182e-01 1.733622e+00 1.364047e+00	
7.366842e+05	5.245693e-01 1.715478e+00 1.363958e+00	
7.019486e+05	8.848968e-01 1.802965e+00 1.363995e+00	
7.529748e+05	5.622058e-01 1.902412e+00 1.363942e+00	
5.674701e+05	6.175427e-01 1.335816e+00 1.363902e+00	
7.523153e+05	5.068716e-01 1.719622e+00 1.364031e+00	
7.537085e+05	8.779316e-01 1.813522e+00 1.364005e+00	
7.264962e+05	7.691650e-01 1.628490e+00 1.363940e+00	
6.108002e+05	4.951192e-01 1.850448e+00 1.364040e+00	
7.807374e+05	5.708344e-01 1.919288e+00 1.364019e+00	
7.720075e+05	5.916719e-01 1.888248e+00 1.364072e+00	
7.824186e+05	4.676855e-01 1.803720e+00 1.363935e+00	
6.159852e+05	4.503033e-01 1.792799e+00 1.363977e+00	
6.169263e+05	9.348860e-01 1.734847e+00 1.363941e+00	
6.154737e+05	4.681147e-01 1.572018e+00 1.364026e+00	
7.898349e+05	4.932938e-01 1.608572e+00 1.363928e+00	
7.917473e+05	7.189624e-01 1.636028e+00 1.363923e+00	
6.001836e+05	5.515546e-01 1.900549e+00 1.364015e+00	
7.479483e+05	5.074349e-01 1.858190e+00 1.363974e+00	
6.209267e+05	1.255528e+00 1.751920e+00 1.363978e+00	
6.193756e+05	5.502520e-01 1.769435e+00 1.364016e+00	
6.033371e+05	5.225711e-01 1.589898e+00 1.363986e+00	
8.069936e+05	8.888617e-01 1.692755e+00 1.363970e+00	
6.257195e+05	7.772251e-01 1.605018e+00 1.363971e+00	
8.090620e+05	5.485189e-01 1.895801e+00 1.364007e+00	
8.108028e+05	4.511180e-01 1.416006e+00 1.364014e+00	
6.164696e+05	6.569446e-01 1.797877e+00 1.363974e+00	
6.311119e+05	8.171124e-01 1.426248e+00 1.364042e+00	
6.320813e+05	5.460229e-01 1.615805e+00 1.363916e+00	
8.214641e+05	5.809271e-01 1.395017e+00 1.363933e+00	
8.215504e+05	5.712742e-01 1.875585e+00 1.363890e+00	
8.215910e+05	7.188912e-01 1.582786e+00 1.364005e+00	
8.231338e+05	5.536346e-01 1.894534e+00 1.363989e+00	
6.375837e+05	4.843359e-01 1.441883e+00 1.363888e+00	
6.226079e+05	4.581322e-01 1.530317e+00 1.363953e+00	
8.226813e+05	6.585282e-01 1.815396e+00 1.363922e+00	
6.193594e+05	8.260958e-01 1.613415e+00 1.364028e+00	
6.413869e+05	5.029047e-01 1.814961e+00 1.364044e+00	
8.297422e+05	5.073328e-01 1.657899e+00 1.363944e+00	
6.419733e+05	4.473235e-01 1.780210e+00 1.364081e+00	
8.284497e+05	7.246953e-01 1.373196e+00 1.364014e+00	
8.345899e+05	4.190623e-01 1.600025e+00 1.363941e+00	
8.293104e+05	1.082669e+00 1.540070e+00 1.363984e+00	
6.241000e+05	4.546621e-01 1.773241e+00 1.364088e+00	
6.281878e+05	4.657987e-01 1.681393e+00 1.363946e+00	
6.282724e+05	7.558232e-01 1.568057e+00 1.363989e+00	
8.322787e+05	1.051324e+00 1.467657e+00 1.364041e+00	
8.323364e+05	4.814434e-01 1.678430e+00 1.363966e+00	
8.084609e+05	6.494486e-01 1.425836e+00 1.363919e+00	
6.475313e+05	4.529927e-01 1.653923e+00 1.364091e+00	
6.251042e+05	7.187857e-01 1.637801e+00 1.363942e+00	
8.315758e+05	1.074702e+00 1.582970e+00 1.363976e+00	
8.334020e+05	4.090597e-01 1.530656e+00 1.363941e+00	
6.305208e+05	6.760055e-01 1.865940e+00 1.364097e+00	
8.403331e+05	6.817561e-01 1.536061e+00 1.363987e+00	
6.474465e+05	7.036998e-01 1.894476e+00 1.363960e+00	
6.511279e+05	5.760235e-01 1.772258e+00 1.363952e+00	
8.427528e+05	4.138894e-01 9.509637e-01 1.363940e+00	
6.331148e+05	4.697078e-01 1.465118e+00 1.363941e+00	
8.401326e+05	9.764644e-01 1.719071e+00 1.363989e+00	
8.448708e+05	8.523225e-01 1.426559e+00 1.363892e+00	
6.358795e+05	5.531655e-01 1.859008e+00 1.364006e+00	
6.324035e+05	5.405891e-01 1.876617e+00 1.364082e+00	
8.483958e+05	6.111994e-01 1.714269e+00 1.364038e+00	
8.424972e+05	5.529158e-01 1.763857e+00 1.363943e+00	
8.449623e+05	4.961642e-01 1.856238e+00 1.364035e+00	
6.368993e+05	4.560234e-01 1.675065e+00 1.363878e+00	
8.216823e+05	4.952525e-01 1.858400e+00 1.363903e+00	
6.390897e+05	8.508636e-01 1.858614e+00 1.364075e+00	
6.564812e+05	7.609805e-01 1.449554e+00 1.364023e+00	
8.473128e+05	4.414963e-01 1.656199e+00 1.364003e+00	
8.559473e+05	1.182285e+00 1.676447e+00 1.364019e+00	
8.514411e+05	1.044663e+00 1.612700e+00 1.364030e+00	
6.387452e+05	8.876261e-01 1.695904e+00 1.364028e+00	
8.272533e+05	4.694922e-01 1.804536e+00 1.363942e+00	
8.596639e+05	5.454124e-01 1.805866e+00 1.363936e+00	
8.285487e+05	4.982112e-01 1.818086e+00 1.363971e+00	
6.442205e+05	5.292808e-01 1.766014e+00 1.364097e+00	
8.611859e+05	4.906688e-01 1.721469e+00 1.363958e+00	
6.664671e+05	8.099329e-01 1.618693e+00 1.364040e+00	
6.631674e+05	6.523736e-01 1.920364e+00 1.364068e+00	
8.558331e+05	7.239542e-01 1.260327e+00 1.363938e+00	
8.568331e+05	4.789255e-01 1.837764e+00 1.363967e+00	
6.431553e+05	5.137418e-01 1.276080e+00 1.363941e+00	
8.654148e+05	1.210467e+00 1.696663e+00 1.363954e+00	
6.706239e+05	6.372082e-01 1.878015e+00 1.363964e+00	
8.604693e+05	4.650717e-01 1.825234e+00 1.363945e+00	
6.717207e+05	5.674516e-01 1.902343e+00 1.364031e+00	
8.620455e+05	5.566020e-01 1.872804e+00 1.364039e+00	
8.722311e+05	4.970824e-01 1.852601e+00 1.363920e+00	
8.673123e+05	7.397921e-01 1.713947e+00 1.364004e+00	
8.743816e+05	5.292537e-01 1.889789e+00 1.364039e+00	
6.545003e+05	5.505988e-01 1.494078e+00 1.364017e+00	
8.774318e+05	5.568638e-01 1.920848e+00 1.363985e+00	
8.736711e+05	4.594443e-01 1.566742e+00 1.363949e+00	
8.455234e+05	6.367009e-01 1.677756e+00 1.363945e+00	
8.455925e+05	5.446210e-01 1.575334e+00 1.363961e+00	
8.757619e+05	6.212392e-01 1.740990e+00 1.363957e+00	
8.734918e+05	5.183855e-01 1.205531e+00 1.363929e+00	
6.811921e+05	7.021272e-01 1.703210e+00 1.363996e+00	
6.775719e+05	5.578370e-01 1.732890e+00 1.363909e+00	
8.854468e+05	5.095257e-01 1.748099e+00 1.364045e+00	
6.563738e+05	7.567955e-01 1.669147e+00 1.364022e+00	
6.604533e+05	6.313297e-01 1.867896e+00 1.363903e+00	
6.868844e+05	6.375349e-01 1.751186e+00 1.363891e+00	
6.623835e+05	5.003538e-01 1.852618e+00 1.364008e+00	
6.634071e+05	6.590549e-01 1.651403e+00 1.364065e+00	
6.647655e+05	7.548561e-01 1.371922e+00 1.364018e+00	
8.903309e+05	5.485295e-01 1.715071e+00 1.363965e+00	
8.876739e+05	8.218803e-01 1.706592e+00 1.364012e+00	
8.920832e+05	5.306330e-01 1.873408e+00 1.363936e+00	
6.952054e+05	5.494263e-01 1.819923e+00 1.363951e+00	
8.940440e+05	1.119026e+00 1.662797e+00 1.363957e+00	
6.700508e+05	7.815365e-01 1.646838e+00 1.364051e+00	
8.983981e+05	8.568589e-01 1.768941e+00 1.364106e+00	
6.930692e+05	1.653718e+00 1.690527e+00 1.363998e+00	
8.692112e+05	5.003361e-01 1.636168e+00 1.363898e+00	
9.013414e+05	1.257651e+00 1.640725e+00 1.364009e+00	
6.994872e+05	5.875787e-01 1.945143e+00 1.363988e+00	
6.791852e+05	4.764485e-01 1.705273e+00 1.364004e+00	
9.101794e+05	7.013968e-01 1.907732e+00 1.363993e+00	
9.143273e+05	7.944669e-01 1.659565e+00 1.363980e+00	
8.808544e+05	1.209045e+00 1.773118e+00 1.363953e+00	
8.836026e+05	6.202355e-01 8.881935e-01 1.363920e+00	
9.232008e+05	5.465185e-01 1.493597e+00 1.363945e+00	
9.195935e+05	1.006736e+00 1.926078e+00 1.363894e+00	
9.205518e+05	1.216858e+00 1.754771e+00 1.363971e+00	
9.243598e+05	7.603098e-01 1.628140e+00 1.363968e+00	
8.960978e+05	5.678129e-01 1.773548e+00 1.363898e+00	
7.183657e+05	5.825682e-01 1.941835e+00 1.363963e+00	
9.315643e+05	6.316305e-01 1.373290e+00 1.363915e+00	
9.435985e+05	5.137022e-01 1.339684e+00 1.363938e+00	
6.959414e+05	9.690327e-01 1.660705e+00 1.363910e+00	
7.289366e+05	4.981281e-01 1.850571e+00 1.364036e+00	
9.651989e+05	9.831929e-01 1.664767e+00 1.363939e+00	
9.694237e+05	8.496239e-01 1.995655e+00 1.364092e+00	
7.128846e+05	5.240084e-01 1.615304e+00 1.363939e+00	
9.279469e+05	9.119614e-01 1.738424e+00 1.364033e+00	
9.709722e+05	6.182890e-01 1.652928e+00 1.363940e+00	
9.310695e+05	6.122312e-01 1.438282e+00 1.364011e+00	
7.544453e+05	4.900880e-01 1.745348e+00 1.364078e+00	
9.778349e+05	5.501294e-01 1.762059e+00 1.363977e+00	
9.788385e+05	5.229782e-01 1.016856e+00 1.363918e+00	
7.706553e+05	7.257028e-01 1.473817e+00 1.363900e+00	
7.319413e+05	4.752740e-01 1.800651e+00 1.363991e+00	
7.324908e+05	7.633392e-01 1.896180e+00 1.363991e+00	
7.319598e+05	5.231186e-01 1.847874e+00 1.363961e+00	
7.384287e+05	9.161035e-01 1.634780e+00 1.363918e+00	
7.388873e+05	5.716102e-01 1.819555e+00 1.364051e+00	
7.395352e+05	5.276610e-01 1.750292e+00 1.363989e+00	
1.004190e+06	4.985146e-01 1.536176e+00 1.363998e+00	
9.971373e+05	6.027600e-01 1.941357e+00 1.363981e+00	
7.846777e+05	6.440667e-01 9.476523e-01 1.363934e+00	
7.966232e+05	7.389500e-01 1.734848e+00 1.364050e+00	
7.564841e+05	5.693012e-01 1.824000e+00 1.364012e+00	
1.016022e+06	4.308517e-01 1.751676e+00 1.363936e+00	
1.021467e+06	5.057553e-01 1.695526e+00 1.364013e+00	
7.788405e+05	5.373114e-01 1.786012e+00 1.363921e+00	
1.025244e+06	6.743133e-01 1.659479e+00 1.363957e+00	
8.146231e+05	8.558165e-01 1.571432e+00 1.363968e+00	
1.038028e+06	4.858867e-01 1.481323e+00 1.364101e+00	
1.038139e+06	5.011769e-01 1.501441e+00 1.363921e+00	
1.029536e+06	4.801631e-01 1.810797e+00 1.364047e+00	
8.156008e+05	6.042401e-01 1.796274e+00 1.364012e+00	
1.030248e+06	6.658789e-01 1.877291e+00 1.364032e+00	
1.035216e+06	6.716963e-01 1.731042e+00 1.364059e+00	
8.172763e+05	5.104126e-01 1.371126e+00 1.364038e+00	
1.039600e+06	4.388669e-01 9.921441e-01 1.363934e+00	
8.220772e+05	6.803387e-01 1.860105e+00 1.364057e+00	
1.052787e+06	4.258470e-01 1.749870e+00 1.364131e+00	
1.045456e+06	6.168072e-01 1.733821e+00 1.364098e+00	
1.057781e+06	4.884238e-01 1.805479e+00 1.363957e+00	
8.306011e+05	6.384048e-01 1.966719e+00 1.363966e+00	
8.272389e+05	4.252061e-01 1.561038e+00 1.364077e+00	
8.137735e+05	4.567125e-01 1.776534e+00 1.363968e+00	
8.153137e+05	6.751382e-01 1.863283e+00 1.364089e+00	
1.061414e+06	8.913447e-01 1.694771e+00 1.363911e+00	
1.073488e+06	4.486362e-01 1.753958e+00 1.364016e+00	
1.062574e+06	6.291891e-01 1.457719e+00 1.364099e+00	
8.188248e+05	5.696504e-01 1.513907e+00 1.363961e+00	
8.419700e+05	4.432516e-01 1.693153e+00 1.363909e+00	
1.082022e+06	6.305448e-01 1.857230e+00 1.364059e+00	
1.082921e+06	6.227536e-01 1.953681e+00 1.363957e+00	
1.085281e+06	7.460838e-01 1.719795e+00 1.364051e+00	
8.407382e+05	4.798608e-01 1.238912e+00 1.363898e+00	
8.482702e+05	5.246569e-01 1.425289e+00 1.364104e+00	
8.442014e+05	5.434774e-01 1.594187e+00 1.364022e+00	
8.307689e+05	6.993153e-01 1.355147e+00 1.364020e+00	
8.335560e+05	8.713518e-01 1.516179e+00 1.364018e+00	
8.548576e+05	4.300063e-01 1.497766e+00 1.364028e+00	
8.350472e+05	5.051173e-01 1.863984e+00 1.363943e+00	
8.518654e+05	5.781091e-01 1.773280e+00 1.364001e+00	
8.569423e+05	6.667365e-01 1.763031e+00 1.363916e+00	
1.104124e+06	6.783022e-01 1.896996e+00 1.364071e+00	
1.096575e+06	6.455394e-01 1.567488e+00 1.363917e+00	
1.097916e+06	5.530411e-01 1.846562e+00 1.363916e+00	
1.111461e+06	5.677645e-01 1.754239e+00 1.363984e+00	
1.112922e+06	5.328858e-01 1.758339e+00 1.363996e+00	
8.441556e+05	1.018183e+00 1.800716e+00 1.363994e+00	
8.665146e+05	6.417389e-01 1.696744e+00 1.363939e+00	
8.682652e+05	4.870650e-01 1.785971e+00 1.364051e+00	
8.736752e+05	5.692071e-01 1.893384e+00 1.364075e+00	
8.781455e+05	6.561815e-01 1.641296e+00 1.363873e+00	
8.572338e+05	4.956224e-01 1.146351e+00 1.364029e+00	
8.616052e+05	4.297539e-01 1.026152e+00 1.363919e+00	
8.870562e+05	5.029624e-01 1.736724e+00 1.363970e+00	
8.647592e+05	1.366130e+00 1.792078e+00 1.364025e+00	
8.670189e+05	9.085287e-01 1.440005e+00 1.364087e+00	
8.886560e+05	4.612086e-01 1.812403e+00 1.363943e+00	
8.676747e+05	7.785806e-01 1.718479e+00 1.363982e+00	
8.965604e+05	8.532369e-01 1.753476e+00 1.363905e+00	
1.166571e+06	5.406836e-01 1.904034e+00 1.364046e+00	
8.774372e+05	5.060609e-01 1.783449e+00 1.363939e+00	
9.013682e+05	7.277653e-01 1.704500e+00 1.364083e+00	
8.785051e+05	4.357777e-01 1.721984e+00 1.364012e+00	
9.046685e+05	5.280880e-01 1.794672e+00 1.363899e+00	
1.170283e+06	1.041049e+00 1.754833e+00 1.364013e+00	
9.155331e+05	5.962945e-01 1.677223e+00 1.363990e+00	
9.215052e+05	1.172079e+00 1.790018e+00 1.363982e+00	
9.084666e+05	9.180242e-01 1.917958e+00 1.363890e+00	
9.309417e+05	5.000992e-01 1.300422e+00 1.363973e+00	
9.103795e+05	5.482538e-01 8.548992e-01 1.364046e+00	
9.119118e+05	5.849945e-01 1.388214e+00 1.364013e+00	
9.432994e+05	5.223361e-01 1.810618e+00 1.363928e+00	
9.456510e+05	6.979699e-01 1.923155e+00 1.364003e+00	
1.211716e+06	5.623618e-01 1.640587e+00 1.363964e+00	
9.505435e+05	4.867049e-01 1.849510e+00 1.363991e+00	
1.221042e+06	9.243446e-01 1.675529e+00 1.364109e+00	
1.222368e+06	5.063775e-01 1.832573e+00 1.363857e+00	
1.217835e+06	5.586114e-01 1.867469e+00 1.364070e+00	
9.702908e+05	8.093892e-01 1.620355e+00 1.363932e+00	
9.555489e+05	6.927946e-01 1.694378e+00 1.363917e+00	
1.220630e+06	3.842907e-01 1.716014e+00 1.363857e+00	
9.584671e+05	5.878378e-01 1.801795e+00 1.364006e+00	
1.222709e+06	5.575934e-01 1.529652e+00 1.363917e+00	
9.605371e+05	4.227055e-01 1.359725e+00 1.363995e+00	
9.609432e+05	5.664172e-01 1.930255e+00 1.364054e+00	
1.227752e+06	4.208853e-01 1.767636e+00 1.364094e+00	
1.239265e+06	8.505991e-01 1.576041e+00 1.363881e+00	
1.231744e+06	4.923371e-01 1.615053e+00 1.364022e+00	
1.239800e+06	5.225411e-01 1.427251e+00 1.364133e+00	
9.992218e+05	7.940890e-01 1.829478e+00 1.363940e+00	
1.248351e+06	6.802112e-01 1.755161e+00 1.364010e+00	
1.249773e+06	4.847002e-01 1.848549e+00 1.364098e+00	
1.250893e+06	5.550277e-01 1.645220e+00 1.364011e+00	
9.864298e+05	5.546161e-01 1.908755e+00 1.363988e+00	
9.949673e+05	5.085305e-01 1.613151e+00 1.363972e+00	
1.259423e+06	1.009817e+00 1.809091e+00 1.364124e+00	
1.251109e+06	4.075522e-01 1.763972e+00 1.363956e+00	
1.252284e+06	8.117253e-01 1.581028e+00 1.363996e+00	
1.254068e+06	4.462459e-01 1.482969e+00 1.363990e+00	
1.009866e+06	5.915561e-01 1.886584e+00 1.364074e+00	
1.263868e+06	4.973239e-01 1.801803e+00 1.363990e+00	
1.265180e+06	5.712409e-01 1.801842e+00 1.364054e+00	
1.261020e+06	4.489706e-01 1.759238e+00 1.364021e+00	
1.010251e+06	6.182004e-01 9.334438e-01 1.363930e+00	
1.279788e+06	5.852748e-01 1.919060e+00 1.363977e+00	
1.011450e+06	4.482679e-01 1.421051e+00 1.363912e+00	
1.023189e+06	7.611981e-01 1.751295e+00 1.363957e+00	
1.286971e+06	6.126674e-01 1.312655e+00 1.363963e+00	
1.277443e+06	7.307604e-01 1.814648e+00 1.364022e+00	
1.026057e+06	7.437164e-01 1.486477e+00 1.363912e+00	
1.282835e+06	5.375852e-01 1.840653e+00 1.363968e+00	
1.020600e+06	9.530621e-01 1.802062e+00 1.363909e+00	
1.021695e+06	4.515682e-01 1.762514e+00 1.363914e+00	
1.295839e+06	5.671589e-01 1.908909e+00 1.364052e+00	
1.296272e+06	4.687558e-01 1.486068e+00 1.364128e+00	
1.031297e+06	8.717035e-01 1.557299e+00 1.364037e+00	
1.028039e+06	7.418437e-01 1.524461e+00 1.363990e+00	
1.035165e+06	9.207357e-01 1.831797e+00 1.364006e+00	
1.033619e+06	4.383740e-01 1.787491e+00 1.364027e+00	
1.040515e+06	7.314077e-01 1.674485e+00 1.364013e+00	
1.306151e+06	7.500890e-01 1.725203e+00 1.364155e+00	
1.043275e+06	9.141694e-01 1.697789e+00 1.364119e+00	
1.043485e+06	4.150870e-01 1.701868e+00 1.363873e+00	
1.037521e+06	7.133293e-01 1.484913e+00 1.363991e+00	
1.044222e+06	7.280979e-01 1.455279e+00 1.364013e+00	
1.044832e+06	4.808660e-01 1.307658e+00 1.363916e+00	
1.045147e+06	8.102189e-01 1.804703e+00 1.364094e+00	
1.038610e+06	8.995197e-01 1.590289e+00 1.363992e+00	
1.038404e+06	1.140091e+00 1.615683e+00 1.363971e+00	
1.040534e+06	7.630150e-01 1.344209e+00 1.364004e+00	
1.057520e+06	6.435406e-01 1.423515e+00 1.364035e+00	
1.051338e+06	4.839305e-01 1.638992e+00 1.363895e+00	
1.051341e+06	4.805334e-01 1.670513e+00 1.363982e+00	
1.059724e+06	4.082066e-01 1.722537e+00 1.363988e+00	
1.064276e+06	6.197353e-01 1.778345e+00 1.363995e+00	
1.056995e+06	5.246378e-01 1.711955e+00 1.364088e+00	
1.060389e+06	1.046532e+00 1.837657e+00 1.363991e+00	
1.376172e+06	6.981279e-01 1.497384e+00 1.364076e+00	
1.060611e+06	5.253267e-01 1.681379e+00 1.363995e+00	
1.069803e+06	8.496642e-01 1.764974e+00 1.363945e+00	
1.063708e+06	1.145108e+00 1.731329e+00 1.363871e+00	
1.072031e+06	5.764705e-01 1.830082e+00 1.364014e+00	
1.365835e+06	4.757234e-01 1.529605e+00 1.363870e+00	
1.076059e+06	6.246182e-01 1.529451e+00 1.363972e+00	
1.076653e+06	7.662327e-01 1.783729e+00 1.364082e+00	
1.084203e+06	5.929588e-01 1.672275e+00 1.363863e+00	
1.378944e+06	9.653683e-01 1.467582e+00 1.363994e+00	
1.091305e+06	8.591005e-01 1.741844e+00 1.363972e+00	
1.091849e+06	4.149810e-01 1.762425e+00 1.363984e+00	
1.094109e+06	5.089837e-01 1.832502e+00 1.363946e+00	
1.092013e+06	7.283972e-01 1.757924e+00 1.364000e+00	
1.411053e+06	8.648584e-01 1.437274e+00 1.363909e+00	
1.096063e+06	4.708234e-01 1.820685e+00 1.363900e+00	
1.403155e+06	8.700281e-01 1.744549e+00 1.364169e+00	
1.417757e+06	4.670105e-01 1.766033e+00 1.364010e+00	
1.115057e+06	7.327132e-01 1.868775e+00 1.364028e+00	
1.121884e+06	1.362582e+00 1.742195e+00 1.364048e+00	
1.116450e+06	5.340872e-01 1.848334e+00 1.364135e+00	
1.432238e+06	4.862588e-01 1.835932e+00 1.363954e+00	
1.422268e+06	4.408094e-01 1.788710e+00 1.364163e+00	
1.435970e+06	4.922489e-01 1.741468e+00 1.364063e+00	
1.437147e+06	5.443509e-01 1.720434e+00 1.363933e+00	
1.139332e+06	4.685071e-01 1.826081e+00 1.364009e+00	
1.147572e+06	5.717492e-01 1.698463e+00 1.364006e+00	
1.441569e+06	4.725470e-01 1.589941e+00 1.363823e+00	
1.149099e+06	5.067106e-01 1.526900e+00 1.363957e+00	
1.443071e+06	1.038889e+00 1.679782e+00 1.363935e+00	
1.431237e+06	8.612736e-01 1.798756e+00 1.363890e+00	
1.432938e+06	5.414630e-01 1.687113e+00 1.364060e+00	
1.449114e+06	6.962061e-01 1.394192e+00 1.363943e+00	
1.449473e+06	1.286959e+00 1.765127e+00 1.363921e+00	
1.436911e+06	5.580354e-01 1.796424e+00 1.364041e+00	
1.156536e+06	9.453268e-01 1.573276e+00 1.363868e+00	
1.156546e+06	5.518400e-01 1.717478e+00 1.363976e+00	
1.145968e+06	8.224235e-01 1.492846e+00 1.363998e+00	
1.454265e+06	5.687848e-01 1.494721e+00 1.364046e+00	
1.458911e+06	1.076538e+00 1.767137e+00 1.363921e+00	
1.445686e+06	1.194445e+00 1.828125e+00 1.364100e+00	
1.465879e+06	7.456445e-01 1.820196e+00 1.363972e+00	
1.177540e+06	5.557614e-01 1.915407e+00 1.364081e+00	
1.179711e+06	1.005436e+00 1.854215e+00 1.364115e+00	
1.198544e+06	1.249855e+00 1.656922e+00 1.363972e+00	
1.475986e+06	4.703540e-01 1.804974e+00 1.363977e+00	
1.499799e+06	5.244508e-01 1.822451e+00 1.363963e+00	
1.500390e+06	5.594706e-01 1.892695e+00 1.364027e+00	
1.207346e+06	5.159743e-01 1.848101e+00 1.363965e+00	
1.209928e+06	6.318390e-01 1.669984e+00 1.364035e+00	
1.489705e+06	6.329148e-01 1.672045e+00 1.364137e+00	
1.209567e+06	5.604534e-01 1.716664e+00 1.364051e+00	
1.210739e+06	9.354789e-01 1.761306e+00 1.363855e+00	
1.210714e+06	6.348229e-01 1.800809e+00 1.363922e+00	
1.493611e+06	6.904337e-01 1.697427e+00 1.364127e+00	
1.497910e+06	4.877597e-01 1.815599e+00 1.364076e+00	
1.517439e+06	4.922582e-01 1.731213e+00 1.364007e+00	
1.217478e+06	4.396899e-01 1.773241e+00 1.363963e+00	
1.219479e+06	6.897775e-01 1.527977e+00 1.363864e+00	
1.220555e+06	5.644479e-01 1.667863e+00 1.363946e+00	
1.519357e+06	6.107528e-01 1.875770e+00 1.364035e+00	
1.224464e+06	6.186448e-01 1.757680e+00 1.364069e+00	
1.527212e+06	7.068729e-01 1.785709e+00 1.363961e+00	
1.233472e+06	5.384432e-01 1.842345e+00 1.363887e+00	
1.531552e+06	4.900125e-01 1.675108e+00 1.364080e+00	
1.230876e+06	4.965388e-01 1.845498e+00 1.363964e+00	
1.224428e+06	5.415008e-01 1.881480e+00 1.363843e+00	
1.231677e+06	6.824209e-01 1.890095e+00 1.364033e+00	
1.236033e+06	4.951825e-01 1.856678e+00 1.363952e+00	
1.237029e+06	4.847842e-01 1.843649e+00 1.363977e+00	
1.230553e+06	4.557647e-01 1.709196e+00 1.363857e+00	
1.238834e+06	4.275225e-01 1.676483e+00 1.363980e+00	
1.232538e+06	5.055011e-01 1.750699e+00 1.363954e+00	
1.239942e+06	8.152533e-01 1.598974e+00 1.364017e+00	
1.243833e+06	1.254396e+00 1.635855e+00 1.363915e+00	
1.248318e+06	7.194227e-01 1.495211e+00 1.363959e+00	
1.248547e+06	4.656359e-01 1.127795e+00 1.363853e+00	
1.250420e+06	6.197250e-01 1.528378e+00 1.363958e+00	
1.252760e+06	6.289316e-01 1.594761e+00 1.364018e+00	
1.240376e+06	1.071400e+00 1.776271e+00 1.363963e+00	
1.250174e+06	5.500145e-01 1.905650e+00 1.364153e+00	
1.257729e+06	5.705779e-01 1.637821e+00 1.363888e+00	
1.258613e+06	5.430577e-01 1.905708e+00 1.363958e+00	
1.260303e+06	1.085058e+00 1.745826e+00 1.363910e+00	
1.263410e+06	6.799891e-01 1.833569e+00 1.363926e+00	
1.249021e+06	6.638857e-01 1.740418e+00 1.363841e+00	
1.258063e+06	7.850616e-01 1.726147e+00 1.363976e+00	
1.260428e+06	1.175762e+00 1.606496e+00 1.363908e+00	
1.589727e+06	9.253108e-01 1.456517e+00 1.364039e+00	
1.268907e+06	1.085449e+00 1.633425e+00 1.363867e+00	
1.263562e+06	1.269995e+00 1.671296e+00 1.363923e+00	
1.610142e+06	6.936208e-01 1.713283e+00 1.363980e+00	
1.267426e+06	9.363370e-01 1.749271e+00 1.363830e+00	
1.613738e+06	7.176326e-01 1.705155e+00 1.363926e+00	
1.614055e+06	6.607462e-01 1.637403e+00 1.363979e+00	
1.279488e+06	9.379845e-01 1.771426e+00 1.364122e+00	
1.287424e+06	5.001831e-01 1.825479e+00 1.363935e+00	
1.281146e+06	1.015974e+00 1.664759e+00 1.364092e+00	
1.270802e+06	8.871274e-01 1.367322e+00 1.363902e+00	
1.619187e+06	5.165445e-01 1.797281e+00 1.364117e+00	
1.286079e+06	5.051087e-01 1.748792e+00 1.363946e+00	
1.621149e+06	5.994229e-01 1.514752e+00 1.364112e+00	
1.291321e+06	5.439287e-01 1.573267e+00 1.363874e+00	
1.616533e+06	4.963957e-01 1.479526e+00 1.364050e+00	
1.628180e+06	4.322392e-01 1.730360e+00 1.364123e+00	
1.308269e+06	4.126761e-01 1.763600e+00 1.364092e+00	
1.629313e+06	5.653553e-01 1.670009e+00 1.363937e+00	
1.298680e+06	8.991308e-01 1.729408e+00 1.363960e+00	
1.630200e+06	4.812930e-01 1.334529e+00 1.363968e+00	
1.304903e+06	5.861342e-01 1.797856e+00 1.363960e+00	
1.307353e+06	5.930620e-01 1.851505e+00 1.363934e+00	
1.637020e+06	7.572694e-01 1.818647e+00 1.364045e+00	
1.638938e+06	6.699798e-01 1.688133e+00 1.363987e+00	
1.630811e+06	6.210917e-01 1.478798e+00 1.363991e+00	
1.632003e+06	5.852380e-01 1.644722e+00 1.364052e+00	
1.640667e+06	9.448995e-01 1.741446e+00 1.363987e+00	
1.318786e+06	8.346015e-01 1.780557e+00 1.363892e+00	
1.637184e+06	9.083365e-01 1.730955e+00 1.363962e+00	
1.646261e+06	9.000826e-01 1.427251e+00 1.363923e+00	
1.322337e+06	7.204975e-01 1.482084e+00 1.363912e+00	
1.311137e+06	6.934799e-01 1.361287e+00 1.363992e+00	
1.312853e+06	4.765832e-01 1.533196e+00 1.363889e+00	
1.646840e+06	4.635362e-01 1.733884e+00 1.364016e+00	
1.339671e+06	8.508417e-01 1.849868e+00 1.363855e+00	
1.666500e+06	6.790655e-01 1.270542e+00 1.363989e+00	
1.354541e+06	5.457586e-01 1.764567e+00 1.364078e+00	
1.348509e+06	5.015870e-01 1.833508e+00 1.364026e+00	
1.675386e+06	4.652524e-01 1.828450e+00 1.364075e+00	
1.373388e+06	4.086631e-01 1.114024e+00 1.363840e+00	
1.372678e+06	1.007820e+00 1.924200e+00 1.364143e+00	
1.367000e+06	9.040637e-01 1.899206e+00 1.363873e+00	
1.717470e+06	5.554791e-01 1.542350e+00 1.363969e+00	
1.737683e+06	4.457784e-01 1.526770e+00 1.364069e+00	
1.419844e+06	4.251687e-01 1.588544e+00 1.363872e+00	
1.738314e+06	1.300861e+00 1.849866e+00 1.363899e+00	
1.405465e+06	5.792314e-01 1.818786e+00 1.364047e+00	
1.424941e+06	4.088470e-01 1.610903e+00 1.363963e+00	
1.754434e+06	7.858200e-01 1.583061e+00 1.363996e+00	
1.417929e+06	7.980111e-01 1.746614e+00 1.364003e+00	
1.427838e+06	5.507436e-01 1.180006e+00 1.363842e+00	
1.428280e+06	6.155013e-01 1.493109e+00 1.363939e+00	
1.420150e+06	8.159004e-01 1.686141e+00 1.364085e+00	
1.421655e+06	5.788489e-01 1.811031e+00 1.363980e+00	
1.432803e+06	5.091505e-01 1.785940e+00 1.363922e+00	
1.435344e+06	6.674276e-01 1.455855e+00 1.364155e+00	
1.428958e+06	5.401647e-01 1.818063e+00 1.364068e+00	
1.437145e+06	5.940034e-01 1.854335e+00 1.363933e+00	
1.429393e+06	4.970751e-01 1.673796e+00 1.364018e+00	
1.431888e+06	6.744957e-01 1.778753e+00 1.364128e+00	
1.432953e+06	5.613711e-01 1.734167e+00 1.364166e+00	
1.440831e+06	6.840311e-01 1.712276e+00 1.363966e+00	
1.777338e+06	5.791220e-01 1.343516e+00 1.363979e+00	
1.435431e+06	1.006762e+00 1.666028e+00 1.363860e+00	
1.426371e+06	6.492011e-01 1.746110e+00 1.363981e+00	
1.428005e+06	6.435237e-01 1.705780e+00 1.363855e+00	
1.452370e+06	5.725330e-01 1.879005e+00 1.363911e+00	
1.445597e+06	1.147629e+00 1.784638e+00 1.363878e+00	
1.431645e+06	8.224645e-01 1.670875e+00 1.363832e+00	
1.432541e+06	5.937840e-01 1.755190e+00 1.364041e+00	
1.446672e+06	6.542054e-01 1.823067e+00 1.363890e+00	
1.459797e+06	5.683475e-01 1.613928e+00 1.363949e+00	
1.450480e+06	4.438006e-01 1.635574e+00 1.364027e+00	
1.805990e+06	1.296925e+00 1.700451e+00 1.364063e+00	
1.460147e+06	7.323191e-01 1.776555e+00 1.363919e+00	
1.451109e+06	5.811369e-01 1.714650e+00 1.364056e+00	
1.453587e+06	9.811716e-01 1.809810e+00 1.364076e+00	
1.441698e+06	7.489967e-01 1.468617e+00 1.363943e+00	
1.459629e+06	6.222575e-01 1.783578e+00 1.364013e+00	
1.458954e+06	1.066924e+00 1.836877e+00 1.363828e+00	
1.446846e+06	4.471979e-01 1.373039e+00 1.364022e+00	
1.475512e+06	4.974154e-01 1.786680e+00 1.363911e+00	
1.812911e+06	5.071009e-01 1.559558e+00 1.363951e+00	
1.466822e+06	6.228899e-01 1.496722e+00 1.364024e+00	
1.452396e+06	5.841363e-01 1.838715e+00 1.364055e+00	
1.454437e+06	4.480173e-01 1.777715e+00 1.364075e+00	
1.827836e+06	7.368866e-01 1.807945e+00 1.364064e+00	
1.833162e+06	6.595988e-01 1.571891e+00 1.364079e+00	
1.477271e+06	4.928825e-01 1.692207e+00 1.363883e+00	
1.482931e+06	5.634733e-01 1.860052e+00 1.364058e+00	
1.839309e+06	1.171574e+00 1.386334e+00 1.363921e+00	
1.484786e+06	9.721640e-01 1.795551e+00 1.363986e+00	
1.492668e+06	7.263296e-01 1.781711e+00 1.364004e+00	
1.835817e+06	4.718182e-01 1.782595e+00 1.363998e+00	
1.498323e+06	7.879076e-01 1.699068e+00 1.364075e+00	
1.502662e+06	1.063292e+00 1.668854e+00 1.363858e+00	
1.842147e+06	7.083577e-01 1.336582e+00 1.364037e+00	
1.843446e+06	7.354963e-01 1.868815e+00 1.363973e+00	
1.851690e+06	7.811151e-01 1.361630e+00 1.364066e+00	
1.520641e+06	6.970442e-01 1.910274e+00 1.363868e+00	
1.500132e+06	4.885882e-01 1.322831e+00 1.363975e+00	
1.488406e+06	5.459691e-01 8.805682e-01 1.363954e+00	
1.858391e+06	1.296580e+00 1.875675e+00 1.364036e+00	
1.850722e+06	4.701120e-01 1.816091e+00 1.364058e+00	
1.851407e+06	5.027571e-01 1.859725e+00 1.364033e+00	
1.863664e+06	8.361243e-01 1.643887e+00 1.363999e+00	
1.863666e+06	4.358742e-01 1.757971e+00 1.364047e+00	
1.537988e+06	1.136064e+00 1.714562e+00 1.364021e+00	
1.870225e+06	5.086494e-01 1.793118e+00 1.363906e+00	
1.540868e+06	9.864662e-01 1.790607e+00 1.363883e+00	
1.514522e+06	4.772326e-01 1.624126e+00 1.363950e+00	
1.880460e+06	6.181739e-01 1.414998e+00 1.363947e+00	
1.542338e+06	4.863429e-01 1.754240e+00 1.364135e+00	
1.561682e+06	1.143646e+00 1.657857e+00 1.364047e+00	
1.888048e+06	5.485478e-01 1.756000e+00 1.364018e+00	
1.544276e+06	7.734970e-01 1.123696e+00 1.363934e+00	
1.886558e+06	1.107647e+00 1.817765e+00 1.364091e+00	
1.546476e+06	8.060763e-01 1.719300e+00 1.363951e+00	
1.548060e+06	5.043923e-01 1.740454e+00 1.364094e+00	
1.898060e+06	5.260177e-01 1.638206e+00 1.364041e+00	
1.549827e+06	4.195931e-01 1.719881e+00 1.363992e+00	
1.894770e+06	5.247474e-01 1.595845e+00 1.364003e+00	
1.554716e+06	4.573636e-01 1.819518e+00 1.364086e+00	
1.903838e+06	6.179779e-01 1.589317e+00 1.364036e+00	
1.549219e+06	1.208322e+00 1.764735e+00 1.363967e+00	
1.567056e+06	4.544048e-01 1.805296e+00 1.364016e+00	
1.916132e+06	1.145886e+00 1.726970e+00 1.363971e+00	
1.570306e+06	5.661377e-01 1.384204e+00 1.363941e+00	
1.923452e+06	5.413546e-01 1.496162e+00 1.363974e+00	
1.916021e+06	1.084380e+00 1.341484e+00 1.364002e+00	
1.923031e+06	1.142147e+00 1.545658e+00 1.364024e+00	
1.601182e+06	7.678795e-01 1.899600e+00 1.364032e+00	
1.933456e+06	4.272126e-01 1.742769e+00 1.364088e+00	
1.611589e+06	9.462660e-01 1.651691e+00 1.363973e+00	
1.949211e+06	4.697102e-01 1.800768e+00 1.364067e+00	
1.590557e+06	6.089151e-01 1.777529e+00 1.364027e+00	
1.599946e+06	5.769058e-01 1.928852e+00 1.364075e+00	
1.623744e+06	6.419208e-01 1.651883e+00 1.364007e+00	
1.611133e+06	5.942071e-01 1.896850e+00 1.363983e+00	
1.626398e+06	6.701352e-01 1.402113e+00 1.363937e+00	
1.628168e+06	7.958238e-01 1.748035e+00 1.363933e+00	
1.975787e+06	9.427640e-01 1.931755e+00 1.364045e+00	
1.634795e+06	5.894598e-01 1.753611e+00 1.364011e+00	
1.619643e+06	8.919555e-01 1.661711e+00 1.364101e+00	
1.997874e+06	5.833003e-01 1.676684e+00 1.363956e+00	
1.625817e+06	1.196130e+00 1.797465e+00 1.364002e+00	
1.644568e+06	5.906808e-01 1.025337e+00 1.364022e+00	
1.639003e+06	4.746775e-01 1.510196e+00 1.364046e+00	
1.640296e+06	7.875580e-01 1.776132e+00 1.364132e+00	
1.641638e+06	9.724915e-01 1.758526e+00 1.363909e+00	
1.654390e+06	9.535516e-01 1.493745e+00 1.363898e+00	
1.648684e+06	9.008099e-01 1.659711e+00 1.364061e+00	
1.658458e+06	1.122286e+00 1.651653e+00 1.364057e+00	
1.641607e+06	7.096359e-01 1.855799e+00 1.363999e+00	
2.024864e+06	4.549740e-01 1.565821e+00 1.363977e+00	
1.648470e+06	9.190510e-01 1.758920e+00 1.364070e+00	
2.028002e+06	4.177441e-01 1.628490e+00 1.363932e+00	
2.021995e+06	4.353168e-01 1.666355e+00 1.364019e+00	
1.640725e+06	5.312584e-01 1.867985e+00 1.364094e+00	
1.664928e+06	4.853295e-01 1.546534e+00 1.363978e+00	
1.642037e+06	4.211343e-01 9.451933e-01 1.364009e+00	
1.654995e+06	5.108910e-01 1.450636e+00 1.364001e+00	
1.656014e+06	8.879577e-01 1.215969e+00 1.364023e+00	
2.026184e+06	6.756606e-01 1.788943e+00 1.364043e+00	
2.027019e+06	4.822124e-01 1.841845e+00 1.363931e+00	
1.645736e+06	8.123490e-01 1.651412e+00 1.364043e+00	
1.646940e+06	9.442136e-01 1.593402e+00 1.363971e+00	
1.681383e+06	7.615791e-01 1.371592e+00 1.363992e+00	
1.661854e+06	9.995912e-01 1.660552e+00 1.364029e+00	
2.038621e+06	4.863556e-01 1.668562e+00 1.364075e+00	
1.662906e+06	6.649683e-01 1.775323e+00 1.363929e+00	
2.040932e+06	4.642926e-01 1.297327e+00 1.363936e+00	
1.677006e+06	5.717316e-01 1.593276e+00 1.364073e+00	
1.688684e+06	9.627492e-01 1.580932e+00 1.364025e+00	
2.047031e+06	5.490916e-01 1.406942e+00 1.363952e+00	
2.047637e+06	9.482437e-01 1.462012e+00 1.363964e+00	
1.672342e+06	5.016060e-01 1.847404e+00 1.363867e+00	
2.051239e+06	9.740004e-01 1.733571e+00 1.363975e+00	
1.688987e+06	9.476095e-01 1.846424e+00 1.363968e+00	
1.662899e+06	5.815285e-01 8.235124e-01 1.364021e+00	
1.671991e+06	6.357711e-01 1.760691e+00 1.363970e+00	
1.675841e+06	9.144516e-01 1.709740e+00 1.363873e+00	
1.707256e+06	8.313431e-01 1.524138e+00 1.364036e+00	
2.070463e+06	7.532805e-01 1.443384e+00 1.363952e+00	
1.723599e+06	4.302893e-01 1.750307e+00 1.363906e+00	
1.723712e+06	9.413181e-01 1.722002e+00 1.364007e+00	
1.724788e+06	8.059979e-01 1.744558e+00 1.364071e+00	
2.070085e+06	6.490124e-01 1.608698e+00 1.364001e+00	
1.708633e+06	1.183934e+00 1.731234e+00 1.363940e+00	
2.073709e+06	4.550566e-01 1.783359e+00 1.363940e+00	
2.074698e+06	4.568364e-01 1.761885e+00 1.364041e+00	
1.716840e+06	9.873137e-01 1.538083e+00 1.363969e+00	
2.078003e+06	4.190664e-01 1.690302e+00 1.363973e+00	
1.696514e+06	7.872885e-01 1.291747e+00 1.363925e+00	
2.106711e+06	6.915703e-01 1.642514e+00 1.363946e+00	
1.750514e+06	7.796580e-01 1.849427e+00 1.363941e+00	
1.752032e+06	5.280191e-01 1.838030e+00 1.363967e+00	
1.767461e+06	9.682385e-01 1.803161e+00 1.363954e+00	
1.768631e+06	4.400426e-01 1.180638e+00 1.364017e+00	
1.771868e+06	9.077650e-01 1.708825e+00 1.363922e+00	
1.727786e+06	5.175408e-01 1.880916e+00 1.363874e+00	
1.780354e+06	6.245908e-01 1.245877e+00 1.364054e+00	
1.766095e+06	4.547136e-01 1.798952e+00 1.363968e+00	
1.745349e+06	4.645047e-01 9.086921e-01 1.364048e+00	
1.757489e+06	7.181214e-01 1.826633e+00 1.363964e+00	
1.766912e+06	9.456838e-01 1.726346e+00 1.364007e+00	
1.809408e+06	5.691586e-01 1.767775e+00 1.364085e+00	
2.185099e+06	7.509393e-01 1.023295e+00 1.364021e+00	
1.816635e+06	7.972231e-01 1.561161e+00 1.363970e+00	
1.820786e+06	7.211237e-01 1.768229e+00 1.364061e+00	
1.820712e+06	4.173243e-01 1.743865e+00 1.364028e+00	
1.821681e+06	1.236313e+00 1.676418e+00 1.363948e+00	
1.832878e+06	4.167949e-01 1.696184e+00 1.364003e+00	
1.823252e+06	6.675248e-01 1.801897e+00 1.364008e+00	
1.826195e+06	5.181580e-01 1.261352e+00 1.363945e+00	
1.829389e+06	6.616596e-01 1.650627e+00 1.363928e+00	
1.826765e+06	5.532662e-01 1.717783e+00 1.363942e+00	
1.837637e+06	7.377397e-01 1.748509e+00 1.363978e+00	
1.841476e+06	8.573291e-01 1.556256e+00 1.363958e+00	
1.831914e+06	4.578688e-01 1.774844e+00 1.364022e+00	
2.216177e+06	4.582968e-01 1.439371e+00 1.364038e+00	
1.815811e+06	4.962201e-01 1.824718e+00 1.363935e+00	
1.836960e+06	5.084993e-01 1.844572e+00 1.363907e+00	
1.834603e+06	5.845084e-01 1.912234e+00 1.363957e+00	
