9.742590e+03	5.627643e-01 1.690169e+00 1.363802e+00	
1.076819e+04	5.615184e-01 1.003761e+00 1.364328e+00	
1.233166e+04	8.758287e-01 1.804977e+00 1.363894e+00	
1.713533e+04	7.445099e-01 1.556159e+00 1.363870e+00	
1.777836e+04	5.191922e-01 1.707053e+00 1.364302e+00	
2.067571e+04	5.589705e-01 1.889486e+00 1.363853e+00	
5.095881e+04	4.827390e-01 9.476768e-01 1.364093e+00	
6.680466e+04	8.184080e-01 1.776815e+00 1.363971e+00	
1.351182e+04	5.243537e-01 1.625349e+00 1.363844e+00	
1.370690e+05	6.577943e-01 1.621461e+00 1.364259e+00	
2.150173e+04	7.409840e-01 1.741780e+00 1.363901e+00	
8.308938e+04	7.063692e-01 1.857655e+00 1.364233e+00	
2.082086e+05	6.783485e-01 1.164706e+00 1.363928e+00	
2.096338e+05	7.622250e-01 1.825067e+00 1.364205e+00	
2.121087e+05	4.706122e-01 1.219031e+00 1.364517e+00	
2.050502e+05	5.953874e-01 1.715343e+00 1.363965e+00	
2.170443e+05	5.542225e-01 1.025736e+00 1.364311e+00	
2.115240e+05	7.914732e-01 1.576842e+00 1.364581e+00	
2.166133e+05	1.036102e+00 1.669730e+00 1.364722e+00	
2.210647e+05	6.526789e-01 1.805393e+00 1.363702e+00	
2.294263e+05	9.810029e-01 1.710252e+00 1.364074e+00	
2.336198e+05	5.066708e-01 1.121829e+00 1.364477e+00	
2.374416e+05	5.802169e-01 1.929331e+00 1.364366e+00	
2.454903e+05	5.839236e-01 1.532704e+00 1.364357e+00	
2.607307e+05	1.125977e+00 1.821999e+00 1.363814e+00	
2.463720e+05	7.360898e-01 1.915052e+00 1.364254e+00	
2.549496e+05	4.231321e-01 1.506680e+00 1.363732e+00	
2.969663e+05	4.139483e-01 1.768186e+00 1.364322e+00	
3.021241e+05	4.354112e-01 1.794451e+00 1.363664e+00	
2.847301e+05	4.986511e-01 1.707699e+00 1.363961e+00	
4.061088e+05	9.016921e-01 1.574152e+00 1.364162e+00	
4.121045e+05	5.709338e-01 1.628720e+00 1.363677e+00	
4.173645e+05	4.933047e-01 1.389576e+00 1.364291e+00	
4.234638e+05	8.286521e-01 1.601007e+00 1.363707e+00	
4.277355e+05	6.153589e-01 1.435248e+00 1.364957e+00	
4.297454e+05	6.731101e-01 1.707723e+00 1.364095e+00	
4.394082e+05	4.501034e-01 1.811289e+00 1.363860e+00	
5.473148e+05	7.518751e-01 1.285600e+00 1.363639e+00	
4.082237e+05	7.683770e-01 1.237120e+00 1.364178e+00	
4.084371e+05	4.252223e-01 9.407146e-01 1.364362e+00	
4.108564e+05	4.405161e-01 1.708449e+00 1.364716e+00	
4.124376e+05	4.569803e-01 1.765950e+00 1.364161e+00	
4.176236e+05	4.789000e-01 1.754035e+00 1.363887e+00	
4.206161e+05	1.004732e+00 1.600898e+00 1.364384e+00	
6.157622e+05	4.705452e-01 1.704881e+00 1.363696e+00	
6.185832e+05	9.399055e-01 1.816934e+00 1.363887e+00	
6.293074e+05	8.716639e-01 1.473230e+00 1.364188e+00	
6.303513e+05	5.364729e-01 1.674429e+00 1.364567e+00	
6.395528e+05	8.572025e-01 1.858417e+00 1.364611e+00	
6.396828e+05	5.259277e-01 1.858742e+00 1.364355e+00	
6.968602e+05	4.830213e-01 1.777854e+00 1.364370e+00	
4.664816e+05	4.344332e-01 1.792231e+00 1.364439e+00	
8.191174e+05	5.223158e-01 1.596067e+00 1.363777e+00	
8.234449e+05	5.868141e-01 1.549586e+00 1.364092e+00	
8.237109e+05	6.744120e-01 1.665496e+00 1.364309e+00	
8.411029e+05	5.981710e-01 1.872200e+00 1.364377e+00	
5.792713e+05	5.767260e-01 1.919020e+00 1.363534e+00	
8.682434e+05	4.416277e-01 1.455568e+00 1.363567e+00	
6.069171e+05	8.343215e-01 1.543038e+00 1.364465e+00	
6.081102e+05	6.154929e-01 1.658610e+00 1.364427e+00	
6.096548e+05	5.125185e-01 1.518310e+00 1.364165e+00	
6.134111e+05	1.108949e+00 1.560867e+00 1.364626e+00	
6.150008e+05	5.115396e-01 1.764718e+00 1.363962e+00	
1.021941e+06	7.389016e-01 1.782837e+00 1.364671e+00	
6.335223e+05	8.525439e-01 1.619787e+00 1.364280e+00	
6.367130e+05	6.014621e-01 1.964722e+00 1.363885e+00	
6.367911e+05	4.779362e-01 1.467032e+00 1.364564e+00	
1.045620e+06	4.802530e-01 1.833593e+00 1.364105e+00	
6.504741e+05	5.081842e-01 1.729083e+00 1.364403e+00	
1.109202e+06	4.932272e-01 8.721684e-01 1.363886e+00	
1.116838e+06	1.119977e+00 1.880433e+00 1.364036e+00	
6.786697e+05	5.368377e-01 1.779447e+00 1.363841e+00	
1.207869e+06	4.511588e-01 1.783956e+00 1.363787e+00	
7.351369e+05	4.355901e-01 1.535488e+00 1.364168e+00	
1.217462e+06	5.046863e-01 1.781675e+00 1.364229e+00	
7.757209e+05	4.470937e-01 1.786523e+00 1.364045e+00	
7.892701e+05	8.021551e-01 1.284142e+00 1.364010e+00	
1.307633e+06	5.852404e-01 1.102517e+00 1.364821e+00	
8.050488e+05	7.498534e-01 1.428553e+00 1.363744e+00	
8.078114e+05	3.820397e-01 1.743624e+00 1.363955e+00	
8.087283e+05	4.860784e-01 1.743968e+00 1.363582e+00	
8.118339e+05	4.723979e-01 1.597612e+00 1.364805e+00	
8.193299e+05	9.616058e-01 1.761511e+00 1.363783e+00	
1.411152e+06	4.930881e-01 1.774183e+00 1.364453e+00	
1.412603e+06	6.209330e-01 1.785005e+00 1.364727e+00	
1.412762e+06	1.257829e+00 1.654148e+00 1.364586e+00	
1.413381e+06	6.001104e-01 1.683201e+00 1.364130e+00	
1.439163e+06	4.391232e-01 1.712728e+00 1.364035e+00	
8.477413e+05	7.716358e-01 1.334062e+00 1.364509e+00	
1.447679e+06	6.175974e-01 1.707168e+00 1.364342e+00	
8.506517e+05	5.764806e-01 9.621525e-01 1.363643e+00	
1.454932e+06	5.247718e-01 1.482447e+00 1.363819e+00	
1.481464e+06	8.021190e-01 1.832438e+00 1.364153e+00	
1.505185e+06	5.249489e-01 1.778892e+00 1.364547e+00	
1.600019e+06	4.885422e-01 1.749889e+00 1.363598e+00	
1.606310e+06	9.594061e-01 1.789706e+00 1.363940e+00	
1.608461e+06	1.021503e+00 1.551717e+00 1.364365e+00	
9.507591e+05	5.402169e-01 1.701933e+00 1.364257e+00	
1.610241e+06	5.000940e-01 1.813762e+00 1.364357e+00	
1.631345e+06	4.600757e-01 1.135486e+00 1.364904e+00	
1.004729e+06	7.253692e-01 1.477608e+00 1.363917e+00	
1.013028e+06	6.136117e-01 1.768410e+00 1.364480e+00	
1.735871e+06	9.478742e-01 1.636226e+00 1.363877e+00	
1.023108e+06	6.077321e-01 1.456961e+00 1.364377e+00	
1.025844e+06	4.955508e-01 1.838470e+00 1.364493e+00	
1.800175e+06	6.068089e-01 1.880855e+00 1.363472e+00	
1.035471e+06	6.656213e-01 1.687026e+00 1.363883e+00	
1.806003e+06	6.902127e-01 1.502952e+00 1.364483e+00	
1.813668e+06	5.649178e-01 1.794262e+00 1.364122e+00	
1.044708e+06	8.166612e-01 1.501727e+00 1.363551e+00	
1.817044e+06	8.347271e-01 1.844084e+00 1.364669e+00	
1.830374e+06	4.189476e-01 1.123672e+00 1.364106e+00	
1.061318e+06	5.451617e-01 1.886366e+00 1.364038e+00	
1.069039e+06	1.203150e+00 1.757752e+00 1.363815e+00	
1.859311e+06	6.004161e-01 1.709349e+00 1.363924e+00	
1.087482e+06	4.184206e-01 9.495508e-01 1.363979e+00	
1.910704e+06	5.492150e-01 1.011741e+00 1.363831e+00	
1.914525e+06	4.781282e-01 1.589601e+00 1.364365e+00	
1.930213e+06	5.675104e-01 1.401629e+00 1.364912e+00	
1.996543e+06	5.748186e-01 1.777179e+00 1.364554e+00	
2.006262e+06	6.418660e-01 1.484289e+00 1.364325e+00	
2.009677e+06	1.379426e+00 1.678430e+00 1.364561e+00	
2.013527e+06	1.604790e+00 1.641662e+00 1.364259e+00	
2.027336e+06	7.171614e-01 1.397472e+00 1.364453e+00	
2.038364e+06	7.143136e-01 1.658665e+00 1.364370e+00	
1.211710e+06	4.308119e-01 1.793920e+00 1.363888e+00	
1.212128e+06	1.219574e+00 1.296926e+00 1.364411e+00	
1.221218e+06	7.343007e-01 1.299212e+00 1.364384e+00	
1.227185e+06	5.515598e-01 1.613162e+00 1.364248e+00	
2.201260e+06	6.607814e-01 1.799544e+00 1.364476e+00	
2.210277e+06	4.996799e-01 1.308526e+00 1.363603e+00	
1.262487e+06	6.600001e-01 1.636598e+00 1.364469e+00	
1.264550e+06	4.628219e-01 1.687749e+00 1.364041e+00	
2.233604e+06	4.629527e-01 1.809638e+00 1.364069e+00	
2.237154e+06	5.757713e-01 1.758912e+00 1.363796e+00	
2.400539e+06	1.223509e+00 1.380663e+00 1.364159e+00	
2.403243e+06	4.096226e-01 1.744948e+00 1.364015e+00	
2.405207e+06	9.152032e-01 1.683236e+00 1.364356e+00	
2.409724e+06	7.770975e-01 1.470922e+00 1.364093e+00	
2.425683e+06	1.095714e+00 1.748730e+00 1.364454e+00	
1.440596e+06	4.448839e-01 1.809498e+00 1.364947e+00	
1.443691e+06	4.341431e-01 9.981389e-01 1.364770e+00	
2.603042e+06	6.240369e-01 1.659204e+00 1.363808e+00	
2.606757e+06	6.340801e-01 1.750533e+00 1.363412e+00	
2.610831e+06	5.611979e-01 1.672237e+00 1.363747e+00	
2.612926e+06	5.050454e-01 1.568429e+00 1.364238e+00	
2.623673e+06	9.507581e-01 1.503321e+00 1.364189e+00	
2.624706e+06	8.012411e-01 1.601175e+00 1.363917e+00	
1.480318e+06	6.462697e-01 1.794821e+00 1.363991e+00	
2.804694e+06	4.809547e-01 1.602066e+00 1.364553e+00	
1.602022e+06	3.842139e-01 1.740321e+00 1.364361e+00	
2.813129e+06	1.009148e+00 1.774272e+00 1.363665e+00	
2.818750e+06	5.073214e-01 1.642258e+00 1.363698e+00	
1.605362e+06	6.919848e-01 1.607040e+00 1.364022e+00	
2.844508e+06	5.220975e-01 1.664508e+00 1.363879e+00	
1.622266e+06	4.791135e-01 1.842757e+00 1.363728e+00	
1.623101e+06	7.962523e-01 1.541749e+00 1.364165e+00	
2.884230e+06	8.646063e-01 1.538938e+00 1.364673e+00	
1.642425e+06	8.751213e-01 1.370332e+00 1.364041e+00	
1.649846e+06	4.319134e-01 1.013385e+00 1.364827e+00	
3.002037e+06	5.192275e-01 1.487045e+00 1.364244e+00	
3.002788e+06	7.507534e-01 1.610054e+00 1.363864e+00	
1.674849e+06	9.136847e-01 1.983655e+00 1.363773e+00	
3.020246e+06	7.539435e-01 1.498609e+00 1.364068e+00	
3.026815e+06	5.739527e-01 1.651595e+00 1.364325e+00	
3.031644e+06	6.638809e-01 1.766062e+00 1.363696e+00	
3.085901e+06	3.757851e-01 1.052877e+00 1.364397e+00	
1.746317e+06	5.114627e-01 1.626368e+00 1.364018e+00	
3.201206e+06	5.893133e-01 1.749182e+00 1.364036e+00	
3.201644e+06	4.150971e-01 1.742611e+00 1.363685e+00	
3.201800e+06	5.519443e-01 1.641186e+00 1.364052e+00	
3.221041e+06	9.294924e-01 1.830558e+00 1.363692e+00	
1.808440e+06	6.081070e-01 1.055083e+00 1.364579e+00	
3.228603e+06	1.125234e+00 1.646554e+00 1.363584e+00	
4.485650e+03	4.078450e-01 1.703063e+00 1.364681e+00	
1.813571e+06	5.884077e-01 1.834870e+00 1.364510e+00	
1.814647e+06	8.509857e-01 1.532602e+00 1.364614e+00	
3.243519e+06	6.757915e-01 1.824448e+00 1.363834e+00	
9.768183e+03	4.679811e-01 1.712585e+00 1.363965e+00	
1.838245e+06	6.222553e-01 1.534608e+00 1.364298e+00	
2.064934e+04	5.263535e-01 1.324219e+00 1.363855e+00	
2.179892e+04	6.438069e-01 1.529837e+00 1.364558e+00	
2.486452e+04	4.922824e-01 1.629065e+00 1.363970e+00	
2.784878e+04	4.621550e-01 1.299691e+00 1.364178e+00	
3.285100e+04	3.873699e-01 1.697561e+00 1.364635e+00	
3.957716e+04	6.281962e-01 1.928414e+00 1.363638e+00	
1.866393e+06	1.198203e+00 1.602734e+00 1.363880e+00	
3.395872e+06	4.215204e-01 1.179936e+00 1.364565e+00	
3.398966e+06	1.159839e+00 1.536101e+00 1.364200e+00	
5.381818e+04	6.371050e-01 1.516673e+00 1.364450e+00	
3.413346e+06	4.813032e-01 1.412001e+00 1.364193e+00	
1.912025e+06	4.452453e-01 9.419886e-01 1.364672e+00	
3.455392e+06	6.251428e-01 1.854691e+00 1.364032e+00	
1.946769e+06	4.796762e-01 1.839686e+00 1.364824e+00	
1.508274e+05	4.940056e-01 1.495597e+00 1.364018e+00	
2.042811e+05	9.416303e-01 1.680208e+00 1.363901e+00	
2.060260e+05	8.498113e-01 1.722391e+00 1.363839e+00	
2.004048e+06	7.193933e-01 1.597132e+00 1.363786e+00	
3.595196e+06	5.112569e-01 1.716660e+00 1.363829e+00	
2.121857e+05	8.479799e-01 1.427554e+00 1.364383e+00	
3.602422e+06	5.667152e-01 1.643836e+00 1.364637e+00	
3.602683e+06	4.564237e-01 1.231322e+00 1.364159e+00	
3.603648e+06	4.725220e-01 9.392276e-01 1.364620e+00	
2.170866e+05	6.418380e-01 1.895864e+00 1.364432e+00	
3.605697e+06	4.988843e-01 1.619513e+00 1.363808e+00	
3.606393e+06	9.028745e-01 1.729304e+00 1.363651e+00	
3.609349e+06	6.677275e-01 1.451186e+00 1.364347e+00	
2.224018e+05	7.823286e-01 1.796272e+00 1.364684e+00	
2.231909e+05	6.701950e-01 1.597575e+00 1.364167e+00	
2.247669e+05	8.481352e-01 1.750468e+00 1.363922e+00	
2.019989e+06	5.740061e-01 1.725287e+00 1.364163e+00	
2.598246e+05	5.067190e-01 1.348700e+00 1.364370e+00	
6.140566e+03	5.962381e-01 1.760614e+00 1.363783e+00	
7.238588e+03	4.751829e-01 1.407077e+00 1.364124e+00	
7.089208e+03	4.779429e-01 1.708632e+00 1.364152e+00	
3.798161e+06	6.389073e-01 1.831505e+00 1.364093e+00	
1.062844e+04	7.393031e-01 1.732968e+00 1.363707e+00	
1.270377e+04	4.201312e-01 1.090576e+00 1.364017e+00	
1.227058e+04	3.908681e-01 1.695247e+00 1.363818e+00	
1.347062e+04	4.687417e-01 1.791371e+00 1.363935e+00	
1.292231e+04	7.122653e-01 1.692702e+00 1.364643e+00	
1.730924e+04	4.656770e-01 1.100955e+00 1.364635e+00	
1.677138e+04	6.727953e-01 1.691718e+00 1.363833e+00	
2.157240e+04	4.296762e-01 1.595005e+00 1.363877e+00	
2.246797e+04	5.288438e-01 1.511455e+00 1.364062e+00	
2.530873e+04	1.250297e+00 1.393495e+00 1.364207e+00	
2.829092e+04	5.968431e-01 1.749849e+00 1.364586e+00	
3.252530e+04	7.687831e-01 1.786521e+00 1.364066e+00	
3.204287e+04	9.208651e-01 1.653139e+00 1.364660e+00	
3.226840e+04	4.581058e-01 1.818544e+00 1.363787e+00	
3.830499e+04	4.529551e-01 1.294578e+00 1.364062e+00	
5.489309e+04	8.878120e-01 1.276429e+00 1.364058e+00	
5.638615e+04	8.628462e-01 1.926877e+00 1.363867e+00	
5.296262e+04	4.500795e-01 1.812417e+00 1.363995e+00	
6.385620e+04	6.271773e-01 1.804688e+00 1.364585e+00	
6.295693e+04	7.049647e-01 1.468078e+00 1.363880e+00	
8.767216e+04	1.307689e+00 1.652985e+00 1.364692e+00	
1.035342e+05	4.627830e-01 1.808115e+00 1.363722e+00	
1.047954e+05	9.494964e-01 1.792180e+00 1.364112e+00	
2.028136e+05	7.267756e-01 1.781622e+00 1.363592e+00	
8.380693e+03	4.373635e-01 1.465989e+00 1.364597e+00	
1.008039e+04	3.961619e-01 1.253603e+00 1.364159e+00	
1.169652e+04	7.515403e-01 1.565214e+00 1.364253e+00	
1.134418e+04	1.097549e+00 1.533281e+00 1.364586e+00	
4.258533e+03	4.579405e-01 1.660156e+00 1.363782e+00	
5.265616e+03	5.493852e-01 1.720594e+00 1.364030e+00	
7.445573e+03	6.145316e-01 1.531256e+00 1.363975e+00	
9.231094e+03	4.433016e-01 1.323096e+00 1.364654e+00	
1.299866e+04	6.693707e-01 1.772051e+00 1.364432e+00	
6.394456e+03	9.589757e-01 1.201608e+00 1.364798e+00	
6.161008e+03	4.145634e-01 1.727439e+00 1.364768e+00	
1.846060e+04	4.070967e-01 1.746889e+00 1.364007e+00	
6.372344e+03	5.930706e-01 1.875019e+00 1.363994e+00	
7.491987e+03	6.632901e-01 1.575786e+00 1.364009e+00	
1.746327e+04	4.507417e-01 1.748923e+00 1.364116e+00	
8.681240e+03	5.787691e-01 1.306247e+00 1.364060e+00	
1.912298e+04	5.413264e-01 1.881174e+00 1.364077e+00	
1.094140e+04	5.798012e-01 1.602674e+00 1.364347e+00	
1.156599e+04	5.198946e-01 1.575924e+00 1.363938e+00	
2.603500e+04	6.704480e-01 1.640698e+00 1.364387e+00	
1.469294e+04	4.357363e-01 1.466541e+00 1.363850e+00	
2.297104e+04	5.033589e-01 8.982523e-01 1.363846e+00	
1.532084e+04	9.761619e-01 1.572378e+00 1.364614e+00	
1.696675e+04	6.259555e-01 1.701448e+00 1.364725e+00	
1.662417e+04	4.840418e-01 1.219597e+00 1.364442e+00	
1.683305e+04	8.241290e-01 1.212631e+00 1.364201e+00	
1.899775e+04	4.400533e-01 1.342055e+00 1.364460e+00	
1.866314e+04	4.318598e-01 9.436545e-01 1.363897e+00	
3.082980e+04	4.802927e-01 1.844444e+00 1.364167e+00	
2.040351e+04	8.346489e-01 1.691317e+00 1.364274e+00	
3.165458e+04	3.820736e-01 1.560553e+00 1.364367e+00	
2.870949e+04	7.600494e-01 1.543596e+00 1.364189e+00	
3.343722e+04	5.381309e-01 1.301070e+00 1.363622e+00	
3.233610e+04	6.440119e-01 1.606211e+00 1.364637e+00	
3.406263e+04	7.324125e-01 1.762915e+00 1.364264e+00	
2.701150e+04	6.318050e-01 1.764291e+00 1.364273e+00	
6.917072e+03	4.349092e-01 1.672837e+00 1.364377e+00	
3.299364e+04	4.906387e-01 1.194729e+00 1.363840e+00	
2.963540e+04	1.168365e+00 1.403667e+00 1.364383e+00	
2.964921e+04	6.192314e-01 1.221601e+00 1.363822e+00	
8.349359e+03	5.164643e-01 1.415586e+00 1.363458e+00	
3.095259e+04	4.877983e-01 1.808667e+00 1.363716e+00	
3.988961e+04	4.324419e-01 1.577306e+00 1.364429e+00	
3.158173e+04	6.094534e-01 1.278150e+00 1.364515e+00	
3.680289e+04	8.256747e-01 1.921456e+00 1.364699e+00	
4.544050e+04	1.126989e+00 1.243658e+00 1.364655e+00	
4.532364e+04	4.663423e-01 1.576435e+00 1.364749e+00	
3.966790e+04	5.300581e-01 1.780759e+00 1.364004e+00	
1.414837e+04	5.368305e-01 1.588484e+00 1.364355e+00	
4.947756e+04	1.093260e+00 1.604895e+00 1.363721e+00	
4.305130e+04	5.168213e-01 1.851625e+00 1.364069e+00	
4.504367e+04	6.373483e-01 1.439612e+00 1.364452e+00	
1.694249e+04	4.285006e-01 1.471812e+00 1.363674e+00	
1.722078e+04	6.471208e-01 1.770498e+00 1.363884e+00	
5.541586e+04	6.580147e-01 1.600616e+00 1.364264e+00	
2.010698e+04	4.906731e-01 1.722254e+00 1.364723e+00	
2.174650e+04	4.633431e-01 1.415609e+00 1.364793e+00	
6.321546e+04	9.523436e-01 1.702127e+00 1.364062e+00	
2.545950e+04	8.719066e-01 1.667463e+00 1.364172e+00	
6.761121e+04	5.858521e-01 1.574286e+00 1.364059e+00	
6.647103e+04	5.760743e-01 1.910584e+00 1.364266e+00	
6.744454e+04	7.729609e-01 1.488899e+00 1.364497e+00	
1.412024e+04	4.762872e-01 1.717400e+00 1.364385e+00	
1.681025e+04	5.307513e-01 1.846484e+00 1.364143e+00	
8.059998e+04	1.123909e+00 1.716616e+00 1.364450e+00	
7.927142e+04	8.499460e-01 1.394471e+00 1.364186e+00	
2.620132e+04	6.224014e-01 1.743482e+00 1.364206e+00	
2.893103e+04	1.036341e+00 1.730062e+00 1.364209e+00	
3.303560e+04	1.027633e+00 1.433328e+00 1.363779e+00	
6.194908e+04	6.452303e-01 1.958931e+00 1.363899e+00	
3.965699e+04	5.314340e-01 1.646513e+00 1.364280e+00	
1.377510e+05	7.253717e-01 1.646233e+00 1.364224e+00	
1.123623e+05	1.196523e+00 1.708038e+00 1.363673e+00	
1.418521e+05	1.313844e+00 1.640090e+00 1.364032e+00	
1.437092e+05	4.410797e-01 1.069822e+00 1.364140e+00	
1.216692e+05	4.738752e-01 1.500332e+00 1.364076e+00	
2.032340e+05	9.216125e-01 1.591244e+00 1.363885e+00	
1.536190e+05	4.504311e-01 1.583776e+00 1.364196e+00	
2.054126e+05	6.219240e-01 1.787071e+00 1.364621e+00	
2.077463e+05	7.605675e-01 1.574872e+00 1.363991e+00	
2.077773e+05	6.082070e-01 1.525017e+00 1.364334e+00	
2.096371e+05	1.034227e+00 1.520973e+00 1.364215e+00	
2.097753e+05	6.384862e-01 1.776915e+00 1.364245e+00	
2.107501e+05	5.013286e-01 1.849208e+00 1.363795e+00	
2.123225e+05	7.996220e-01 1.668370e+00 1.364664e+00	
2.126496e+05	6.747483e-01 1.587051e+00 1.364743e+00	
2.145664e+05	4.847283e-01 1.803478e+00 1.363645e+00	
2.155163e+05	9.192844e-01 1.359533e+00 1.364350e+00	
1.647673e+05	4.028138e-01 1.646651e+00 1.364494e+00	
2.187057e+05	4.000896e-01 1.501878e+00 1.364098e+00	
2.055925e+05	7.792948e-01 1.767900e+00 1.364597e+00	
2.206981e+05	7.616061e-01 1.847704e+00 1.364219e+00	
2.213988e+05	8.151405e-01 1.674699e+00 1.363879e+00	
2.069912e+05	6.151178e-01 1.656893e+00 1.363925e+00	
2.240524e+05	6.129368e-01 1.548447e+00 1.364049e+00	
2.292906e+05	4.907459e-01 1.784275e+00 1.363909e+00	
2.298936e+05	1.487255e+00 1.780774e+00 1.363939e+00	
2.321706e+05	4.125144e-01 1.599222e+00 1.364386e+00	
2.341310e+05	4.297710e-01 1.793675e+00 1.364136e+00	
2.351111e+05	7.245700e-01 1.832147e+00 1.364700e+00	
2.364823e+05	7.702227e-01 1.433532e+00 1.364065e+00	
2.076554e+05	4.632193e-01 1.705778e+00 1.364012e+00	
2.377468e+05	7.192655e-01 1.358058e+00 1.363552e+00	
2.081746e+05	6.662944e-01 1.638309e+00 1.364438e+00	
2.401911e+05	9.995719e-01 1.852134e+00 1.363861e+00	
2.123951e+05	5.141098e-01 1.877505e+00 1.364473e+00	
2.411490e+05	6.479662e-01 1.463462e+00 1.364191e+00	
2.170100e+05	7.154564e-01 1.830965e+00 1.364424e+00	
2.086828e+05	4.644929e-01 1.828400e+00 1.364112e+00	
2.141013e+05	4.384004e-01 1.671626e+00 1.364242e+00	
2.188048e+05	4.102922e-01 1.361837e+00 1.363739e+00	
2.191337e+05	5.128248e-01 1.843959e+00 1.364253e+00	
2.098271e+05	4.323874e-01 1.464339e+00 1.364471e+00	
2.212278e+05	8.668649e-01 1.620823e+00 1.364022e+00	
2.220377e+05	6.608574e-01 1.836424e+00 1.364061e+00	
2.089528e+05	7.608216e-01 1.577887e+00 1.364681e+00	
2.553722e+05	6.788044e-01 1.731123e+00 1.364072e+00	
2.560045e+05	1.018444e+00 1.763563e+00 1.364326e+00	
2.590822e+05	1.612409e+00 1.455057e+00 1.364102e+00	
2.277560e+05	4.663897e-01 9.066455e-01 1.364411e+00	
2.293519e+05	5.051106e-01 1.866692e+00 1.364504e+00	
2.204043e+05	5.128419e-01 1.184430e+00 1.364163e+00	
2.145553e+05	5.946647e-01 1.901189e+00 1.363623e+00	
2.209651e+05	5.512808e-01 1.805755e+00 1.363869e+00	
2.153454e+05	4.390117e-01 1.262684e+00 1.363512e+00	
2.656678e+05	5.042220e-01 1.622241e+00 1.364549e+00	
2.356886e+05	5.221398e-01 1.005561e+00 1.363611e+00	
2.720322e+05	7.788985e-01 1.684814e+00 1.364806e+00	
2.183799e+05	4.212754e-01 1.779234e+00 1.363897e+00	
2.219304e+05	6.487100e-01 1.517593e+00 1.364499e+00	
2.790290e+05	4.198277e-01 1.552539e+00 1.363945e+00	
2.827265e+05	5.514469e-01 1.828315e+00 1.363892e+00	
2.206461e+05	6.662253e-01 1.653129e+00 1.363567e+00	
2.532093e+05	4.670285e-01 1.764444e+00 1.363764e+00	
2.314940e+05	5.987677e-01 1.805746e+00 1.364388e+00	
2.543796e+05	6.740891e-01 1.774623e+00 1.364378e+00	
2.242099e+05	4.964780e-01 1.397411e+00 1.364658e+00	
2.246539e+05	9.339253e-01 1.539257e+00 1.364256e+00	
2.291489e+05	1.186110e+00 1.777116e+00 1.364518e+00	
2.299969e+05	7.283734e-01 1.471068e+00 1.364433e+00	
3.146980e+05	1.108165e+00 1.713844e+00 1.363796e+00	
2.405049e+05	7.092592e-01 1.430309e+00 1.364101e+00	
2.570374e+05	5.358278e-01 1.356488e+00 1.363907e+00	
2.391578e+05	5.558740e-01 1.695660e+00 1.363806e+00	
2.610603e+05	6.665729e-01 1.790718e+00 1.363764e+00	
2.430045e+05	4.839989e-01 1.223888e+00 1.364506e+00	
3.465581e+05	5.430065e-01 1.386271e+00 1.363877e+00	
2.656774e+05	3.899417e-01 1.564869e+00 1.363572e+00	
3.071536e+05	1.196784e+00 1.770177e+00 1.364729e+00	
2.876801e+05	4.246365e-01 1.476195e+00 1.364383e+00	
4.063279e+05	7.087219e-01 1.749400e+00 1.364302e+00	
4.081429e+05	6.319104e-01 1.617928e+00 1.364118e+00	
4.061577e+05	4.820285e-01 1.512645e+00 1.364140e+00	
4.093566e+05	6.650322e-01 1.657101e+00 1.364538e+00	
2.947511e+05	4.723611e-01 1.423060e+00 1.363932e+00	
4.084500e+05	5.190521e-01 8.451091e-01 1.363893e+00	
4.194853e+05	6.301194e-01 1.553957e+00 1.364574e+00	
4.174650e+05	4.643891e-01 1.553278e+00 1.364248e+00	
4.065666e+05	7.210593e-01 1.574287e+00 1.364546e+00	
4.243354e+05	4.466186e-01 1.472555e+00 1.363839e+00	
3.170402e+05	9.434619e-01 1.624451e+00 1.364428e+00	
4.225203e+05	6.136317e-01 1.780427e+00 1.363637e+00	
4.237578e+05	5.215190e-01 1.324561e+00 1.364171e+00	
4.249804e+05	9.810392e-01 1.790583e+00 1.364463e+00	
4.236936e+05	5.260873e-01 1.807318e+00 1.364351e+00	
4.125746e+05	6.647188e-01 1.793566e+00 1.363758e+00	
4.278072e+05	1.042652e+00 1.759379e+00 1.363718e+00	
4.261880e+05	5.734067e-01 1.867499e+00 1.364148e+00	
4.285976e+05	7.247522e-01 1.664783e+00 1.364155e+00	
4.161499e+05	7.688634e-01 1.551431e+00 1.364473e+00	
4.330273e+05	1.122246e+00 1.565681e+00 1.363993e+00	
4.318021e+05	4.397009e-01 1.731717e+00 1.363614e+00	
4.410112e+05	4.414783e-01 1.804135e+00 1.364074e+00	
3.413598e+05	7.587046e-01 1.673250e+00 1.363804e+00	
4.069615e+05	6.343578e-01 1.603981e+00 1.364642e+00	
4.579016e+05	5.340719e-01 1.445107e+00 1.364398e+00	
4.163537e+05	5.032799e-01 1.848889e+00 1.364794e+00	
4.428936e+05	6.052606e-01 1.499228e+00 1.364352e+00	
4.777906e+05	7.543129e-01 1.544832e+00 1.364365e+00	
4.762392e+05	6.221499e-01 1.276842e+00 1.364590e+00	
4.542542e+05	1.025369e+00 1.758655e+00 1.364598e+00	
4.939761e+05	5.583497e-01 1.863636e+00 1.364617e+00	
4.047887e+05	5.292239e-01 1.797102e+00 1.364289e+00	
4.923052e+05	4.575250e-01 1.418272e+00 1.364540e+00	
4.113429e+05	5.155219e-01 1.743133e+00 1.364551e+00	
4.034228e+05	4.596174e-01 1.668111e+00 1.363716e+00	
4.054920e+05	5.306297e-01 1.681039e+00 1.364323e+00	
4.058054e+05	4.167447e-01 1.781087e+00 1.364354e+00	
4.058538e+05	6.821766e-01 1.777107e+00 1.364178e+00	
5.304417e+05	9.188208e-01 1.698541e+00 1.364218e+00	
4.591836e+05	1.063878e+00 1.549722e+00 1.364781e+00	
4.091533e+05	4.743745e-01 1.776441e+00 1.363699e+00	
4.707162e+05	9.751085e-01 1.500502e+00 1.363622e+00	
4.206001e+05	4.798016e-01 1.810749e+00 1.364623e+00	
4.212766e+05	9.548930e-01 1.513823e+00 1.364257e+00	
4.122500e+05	6.239174e-01 1.631504e+00 1.363612e+00	
4.138086e+05	8.263553e-01 1.703243e+00 1.364002e+00	
4.164352e+05	4.681844e-01 1.767945e+00 1.363926e+00	
4.134092e+05	6.301124e-01 1.697897e+00 1.363498e+00	
4.137727e+05	5.476107e-01 1.212255e+00 1.363697e+00	
4.172538e+05	6.236922e-01 1.663428e+00 1.364587e+00	
4.162098e+05	3.966268e-01 1.760153e+00 1.364329e+00	
4.183288e+05	4.186538e-01 1.035411e+00 1.364481e+00	
4.196942e+05	4.483008e-01 1.798512e+00 1.363841e+00	
4.252025e+05	5.995246e-01 1.497671e+00 1.363740e+00	
6.067484e+05	4.282839e-01 1.761176e+00 1.363608e+00	
4.246918e+05	7.328005e-01 1.748503e+00 1.363956e+00	
4.257807e+05	4.861094e-01 1.714358e+00 1.364040e+00	
6.030114e+05	7.881401e-01 1.840718e+00 1.364453e+00	
6.060990e+05	4.697826e-01 1.304187e+00 1.363943e+00	
4.307232e+05	4.920732e-01 1.791744e+00 1.364297e+00	
4.318514e+05	5.011054e-01 1.134472e+00 1.364058e+00	
6.173948e+05	5.073287e-01 1.675490e+00 1.363822e+00	
6.072489e+05	6.043890e-01 1.764384e+00 1.364275e+00	
6.103846e+05	4.435317e-01 1.720732e+00 1.364453e+00	
6.197976e+05	4.872051e-01 1.791278e+00 1.364171e+00	
6.043668e+05	6.770236e-01 1.623029e+00 1.364683e+00	
6.104972e+05	4.805592e-01 1.632508e+00 1.363887e+00	
6.146724e+05	4.104249e-01 9.592666e-01 1.363712e+00	
6.148095e+05	1.152323e+00 1.682293e+00 1.364782e+00	
4.401746e+05	5.270844e-01 1.885335e+00 1.364015e+00	
6.156553e+05	3.940457e-01 1.009625e+00 1.363968e+00	
6.139594e+05	7.747791e-01 1.467894e+00 1.363656e+00	
6.323480e+05	4.336811e-01 1.557466e+00 1.363736e+00	
6.179759e+05	6.527640e-01 1.611649e+00 1.364393e+00	
6.184716e+05	4.418487e-01 1.750111e+00 1.364024e+00	
5.992132e+05	5.429079e-01 1.811709e+00 1.364413e+00	
6.186650e+05	4.666176e-01 1.826805e+00 1.363810e+00	
6.200521e+05	4.365139e-01 1.732027e+00 1.364034e+00	
6.204324e+05	5.781518e-01 1.936685e+00 1.364524e+00	
6.258917e+05	5.194441e-01 1.711469e+00 1.364064e+00	
6.162208e+05	5.989053e-01 1.169623e+00 1.364513e+00	
6.303275e+05	6.485677e-01 1.720214e+00 1.364599e+00	
6.463915e+05	5.456499e-01 1.862024e+00 1.363752e+00	
6.213828e+05	5.221921e-01 1.851230e+00 1.363919e+00	
6.080507e+05	1.018163e+00 1.594120e+00 1.364051e+00	
6.088510e+05	6.453041e-01 1.494597e+00 1.364291e+00	
6.499741e+05	5.048772e-01 1.767375e+00 1.364364e+00	
6.305034e+05	5.310306e-01 1.608675e+00 1.364012e+00	
6.519493e+05	7.805247e-01 1.810988e+00 1.363769e+00	
6.335358e+05	7.963314e-01 1.810692e+00 1.363789e+00	
6.555295e+05	7.911741e-01 1.856213e+00 1.363971e+00	
6.151334e+05	4.846937e-01 1.078470e+00 1.364562e+00	
6.580806e+05	5.301003e-01 1.770425e+00 1.363844e+00	
6.551672e+05	8.197765e-01 1.654884e+00 1.364194e+00	
6.398624e+05	8.463874e-01 1.722446e+00 1.364234e+00	
6.478441e+05	7.066977e-01 1.771536e+00 1.363961e+00	
6.729318e+05	8.265685e-01 1.763938e+00 1.364310e+00	
6.672276e+05	6.851376e-01 1.262325e+00 1.363865e+00	
6.918625e+05	7.723502e-01 1.655864e+00 1.364798e+00	
7.009920e+05	5.093338e-01 1.654924e+00 1.364239e+00	
6.325146e+05	3.886559e-01 1.037072e+00 1.364327e+00	
6.345998e+05	6.047866e-01 1.419865e+00 1.364736e+00	
7.220117e+05	5.171750e-01 1.861998e+00 1.364226e+00	
7.178847e+05	5.074481e-01 1.711319e+00 1.363495e+00	
7.455512e+05	1.063682e+00 1.268969e+00 1.364276e+00	
5.857424e+05	7.677725e-01 1.605780e+00 1.364692e+00	
7.173731e+05	6.922435e-01 8.997557e-01 1.363970e+00	
8.093803e+05	5.225293e-01 1.556189e+00 1.363833e+00	
8.111005e+05	6.916473e-01 1.315548e+00 1.363962e+00	
8.074237e+05	7.426615e-01 1.414343e+00 1.363838e+00	
8.153132e+05	4.503878e-01 1.778916e+00 1.363770e+00	
8.156151e+05	1.022938e+00 1.359995e+00 1.363823e+00	
8.061179e+05	6.115552e-01 1.595039e+00 1.363859e+00	
8.040928e+05	8.844340e-01 1.824712e+00 1.364616e+00	
8.071906e+05	3.856479e-01 1.511390e+00 1.364632e+00	
8.177170e+05	4.502554e-01 1.645384e+00 1.363971e+00	
8.046915e+05	8.146035e-01 1.544033e+00 1.364272e+00	
8.077947e+05	8.193245e-01 1.071320e+00 1.363909e+00	
8.079915e+05	6.064805e-01 1.889619e+00 1.364523e+00	
8.036274e+05	4.180432e-01 1.162800e+00 1.363950e+00	
8.055176e+05	4.576096e-01 1.760818e+00 1.364552e+00	
6.072204e+05	5.894975e-01 1.576236e+00 1.364032e+00	
8.219847e+05	3.832499e-01 1.723014e+00 1.363936e+00	
8.139467e+05	6.058445e-01 1.503110e+00 1.364512e+00	
6.171912e+05	7.071762e-01 1.749302e+00 1.363811e+00	
8.163873e+05	7.916399e-01 1.588404e+00 1.363820e+00	
8.255381e+05	3.931877e-01 9.738154e-01 1.364237e+00	
8.098784e+05	6.202928e-01 1.266647e+00 1.364299e+00	
8.162590e+05	5.558963e-01 9.949329e-01 1.364213e+00	
8.109235e+05	3.851461e-01 9.970390e-01 1.364564e+00	
8.175518e+05	7.885639e-01 1.516641e+00 1.364452e+00	
6.122441e+05	5.654710e-01 1.642097e+00 1.364605e+00	
6.124582e+05	6.159482e-01 1.427139e+00 1.364137e+00	
6.058214e+05	5.310058e-01 1.344519e+00 1.363918e+00	
8.241126e+05	8.488474e-01 1.577788e+00 1.364896e+00	
5.503862e+03	5.790809e-01 1.843747e+00 1.363720e+00	
6.077304e+05	7.193196e-01 1.379634e+00 1.364569e+00	
6.268692e+05	4.098138e-01 1.410061e+00 1.363584e+00	
8.244847e+05	5.517738e-01 1.240037e+00 1.364087e+00	
6.119179e+05	5.258651e-01 1.854476e+00 1.364522e+00	
6.093225e+05	5.871551e-01 1.104921e+00 1.363772e+00	
8.305088e+05	6.650331e-01 1.780502e+00 1.364730e+00	
6.095382e+05	5.366214e-01 1.786458e+00 1.364655e+00	
8.227925e+05	4.840912e-01 1.257639e+00 1.364263e+00	
8.205123e+05	4.998979e-01 1.852610e+00 1.363695e+00	
6.185559e+05	6.466575e-01 1.908100e+00 1.363901e+00	
8.466747e+05	6.367565e-01 1.604019e+00 1.364475e+00	
6.317298e+05	1.334637e+00 1.606005e+00 1.364297e+00	
8.220056e+05	3.958741e-01 1.751801e+00 1.364045e+00	
8.228493e+05	6.863138e-01 1.463675e+00 1.364837e+00	
8.277623e+05	7.512989e-01 1.732292e+00 1.364094e+00	
1.309649e+04	6.350151e-01 9.965980e-01 1.364004e+00	
1.304968e+04	6.604511e-01 1.594398e+00 1.363689e+00	
6.229629e+05	1.003343e+00 1.542697e+00 1.364808e+00	
8.283111e+05	5.086577e-01 1.771959e+00 1.363906e+00	
8.375983e+05	4.027199e-01 1.640002e+00 1.363884e+00	
1.582603e+04	6.963747e-01 1.826106e+00 1.364582e+00	
1.587049e+04	6.798698e-01 1.512261e+00 1.364533e+00	
1.604207e+04	6.964530e-01 1.675213e+00 1.364011e+00	
6.196586e+05	6.637359e-01 1.747023e+00 1.364340e+00	
8.355653e+05	7.015829e-01 1.751955e+00 1.364765e+00	
1.782039e+04	7.580764e-01 1.429615e+00 1.363929e+00	
8.491280e+05	7.514350e-01 1.798722e+00 1.363764e+00	
8.500167e+05	8.418251e-01 1.594934e+00 1.364478e+00	
2.294897e+04	5.533398e-01 1.603299e+00 1.363910e+00	
2.457957e+04	9.383198e-01 1.495470e+00 1.363980e+00	
2.470911e+04	1.012075e+00 1.667280e+00 1.364308e+00	
8.444081e+05	5.150322e-01 1.573376e+00 1.364035e+00	
8.474083e+05	4.406118e-01 1.619434e+00 1.364070e+00	
8.453066e+05	4.664003e-01 1.831041e+00 1.364677e+00	
8.466068e+05	6.245080e-01 1.599433e+00 1.364694e+00	
3.132732e+04	6.353246e-01 1.805870e+00 1.364540e+00	
3.170420e+04	4.992648e-01 1.718323e+00 1.363851e+00	
6.254590e+05	3.949942e-01 1.678792e+00 1.363729e+00	
8.528329e+05	4.825763e-01 9.584801e-01 1.364365e+00	
8.216460e+05	6.075584e-01 1.586065e+00 1.363970e+00	
8.248043e+05	7.493991e-01 1.814505e+00 1.363400e+00	
8.642769e+05	4.554927e-01 1.704208e+00 1.364725e+00	
8.660149e+05	8.152641e-01 1.649815e+00 1.364310e+00	
8.990267e+05	4.964846e-01 1.473734e+00 1.364158e+00	
4.362029e+04	3.847646e-01 1.145567e+00 1.363526e+00	
6.515809e+05	3.906441e-01 1.677266e+00 1.363588e+00	
6.358744e+05	4.597870e-01 1.797991e+00 1.363707e+00	
6.412947e+05	4.971307e-01 1.860877e+00 1.364325e+00	
6.532909e+05	5.609931e-01 1.680087e+00 1.364474e+00	
5.307736e+04	3.853079e-01 1.703876e+00 1.364247e+00	
8.944336e+05	4.341297e-01 1.775635e+00 1.364693e+00	
6.746562e+05	7.928641e-01 1.585727e+00 1.364485e+00	
6.467596e+04	6.244838e-01 1.649931e+00 1.364159e+00	
6.919996e+05	8.819946e-01 1.550790e+00 1.363990e+00	
8.729099e+03	5.460628e-01 1.292154e+00 1.364222e+00	
9.110820e+05	6.766488e-01 2.022646e+00 1.364842e+00	
6.639973e+05	5.480600e-01 1.651898e+00 1.364683e+00	
1.211569e+04	6.912545e-01 1.545108e+00 1.363803e+00	
1.364105e+04	4.501886e-01 1.562228e+00 1.364677e+00	
6.817566e+05	4.624366e-01 1.563822e+00 1.364418e+00	
2.301466e+04	1.158675e+00 1.428060e+00 1.363821e+00	
2.691407e+04	8.782776e-01 1.775053e+00 1.364776e+00	
3.021499e+04	5.329977e-01 1.448442e+00 1.364344e+00	
9.063546e+05	1.951136e+00 1.755540e+00 1.364154e+00	
1.408367e+05	8.435631e-01 1.631412e+00 1.364361e+00	
9.700311e+05	7.229587e-01 1.960924e+00 1.364155e+00	
9.837173e+05	9.017555e-01 1.717755e+00 1.363697e+00	
9.186134e+05	7.426512e-01 1.827967e+00 1.364691e+00	
7.074341e+05	4.690421e-01 1.833689e+00 1.364647e+00	
7.019692e+05	1.084558e+00 1.672019e+00 1.364329e+00	
1.007875e+06	5.069319e-01 1.622180e+00 1.363853e+00	
7.450509e+05	5.062321e-01 1.778464e+00 1.364051e+00	
9.385422e+05	3.923112e-01 1.755818e+00 1.363970e+00	
1.001591e+06	5.269700e-01 1.851999e+00 1.364109e+00	
7.529123e+05	1.175272e+00 1.288114e+00 1.363811e+00	
1.014235e+06	6.019235e-01 1.728883e+00 1.363866e+00	
1.022363e+06	1.266745e+00 1.692546e+00 1.364648e+00	
1.007159e+06	4.682556e-01 1.635738e+00 1.364532e+00	
1.015963e+06	1.175981e+00 1.533139e+00 1.363735e+00	
1.017487e+06	6.310123e-01 1.670727e+00 1.364699e+00	
1.009653e+06	5.879286e-01 1.740291e+00 1.364772e+00	
1.103679e+05	9.025167e-01 1.572550e+00 1.364500e+00	
2.122906e+05	8.906165e-01 1.575334e+00 1.364484e+00	
2.123333e+05	4.462221e-01 1.744817e+00 1.364359e+00	
1.014340e+06	6.101657e-01 1.614026e+00 1.364184e+00	
2.128128e+05	6.452906e-01 1.600831e+00 1.364040e+00	
1.041351e+06	4.754914e-01 1.759427e+00 1.364393e+00	
1.020064e+06	4.521289e-01 1.156216e+00 1.364399e+00	
1.026915e+06	5.454223e-01 1.835816e+00 1.363972e+00	
2.157654e+05	3.900163e-01 1.520036e+00 1.363932e+00	
2.158979e+05	4.945553e-01 1.829731e+00 1.363978e+00	
1.017498e+06	6.259540e-01 1.007892e+00 1.364527e+00	
2.169668e+05	4.167348e-01 1.663635e+00 1.364296e+00	
1.047020e+06	4.801182e-01 1.820600e+00 1.364153e+00	
2.197426e+05	4.206732e-01 1.781221e+00 1.364443e+00	
2.225483e+05	8.283926e-01 1.691505e+00 1.363982e+00	
1.024385e+06	9.446410e-01 1.661673e+00 1.363651e+00	
2.220667e+05	4.975812e-01 1.064679e+00 1.364256e+00	
1.030102e+06	5.727588e-01 1.486515e+00 1.364305e+00	
2.247980e+05	7.388389e-01 1.691086e+00 1.364573e+00	
1.030360e+06	5.666460e-01 1.723711e+00 1.364427e+00	
1.039144e+06	5.509266e-01 1.486865e+00 1.364020e+00	
1.030737e+06	5.775301e-01 1.702289e+00 1.363673e+00	
2.262370e+05	7.628862e-01 1.476785e+00 1.364523e+00	
1.031183e+06	5.746275e-01 1.511209e+00 1.364035e+00	
8.083744e+05	5.296202e-01 1.473645e+00 1.363909e+00	
1.068020e+06	4.322350e-01 1.794447e+00 1.363664e+00	
1.013956e+06	5.826886e-01 1.872249e+00 1.363960e+00	
1.014251e+06	4.106797e-01 1.757583e+00 1.364379e+00	
8.110190e+05	5.523857e-01 1.794990e+00 1.363941e+00	
1.058186e+06	1.153614e+00 1.822611e+00 1.364164e+00	
8.041454e+05	4.110284e-01 1.516005e+00 1.364536e+00	
8.204252e+05	6.559540e-01 1.746145e+00 1.363505e+00	
8.130880e+05	7.929393e-01 1.729788e+00 1.363864e+00	
2.415035e+05	4.782857e-01 1.178341e+00 1.364451e+00	
8.056404e+05	4.402961e-01 1.801780e+00 1.364013e+00	
1.058790e+06	1.112618e+00 1.871299e+00 1.363613e+00	
1.067832e+06	9.926000e-01 1.734785e+00 1.364345e+00	
2.502907e+05	5.768745e-01 1.373794e+00 1.364449e+00	
2.544222e+05	4.333570e-01 9.975257e-01 1.364398e+00	
8.105517e+05	4.754704e-01 1.683674e+00 1.364095e+00	
8.232617e+05	6.667978e-01 1.868782e+00 1.364202e+00	
1.070460e+06	4.099495e-01 1.773018e+00 1.364630e+00	
2.115520e+05	4.602388e-01 1.064709e+00 1.364333e+00	
2.133896e+05	6.179282e-01 1.814738e+00 1.363963e+00	
8.288502e+05	8.397158e-01 1.706180e+00 1.363905e+00	
8.138339e+05	5.027910e-01 1.664674e+00 1.363722e+00	
8.177190e+05	5.370082e-01 1.633427e+00 1.363844e+00	
8.185381e+05	7.963610e-01 1.364786e+00 1.363771e+00	
8.396187e+05	7.492094e-01 1.807277e+00 1.364663e+00	
8.400597e+05	7.768009e-01 1.717899e+00 1.363633e+00	
8.402716e+05	6.074137e-01 1.932749e+00 1.364486e+00	
8.224154e+05	6.425419e-01 1.724212e+00 1.364245e+00	
1.065938e+06	6.495596e-01 1.895071e+00 1.363654e+00	
8.305672e+05	5.885115e-01 1.897297e+00 1.364110e+00	
8.332224e+05	5.194861e-01 1.799274e+00 1.364726e+00	
8.274035e+05	5.994127e-01 1.862985e+00 1.364468e+00	
3.090910e+05	4.285980e-01 1.781411e+00 1.364764e+00	
8.629486e+05	4.905170e-01 1.775280e+00 1.364769e+00	
2.518315e+05	4.474413e-01 1.807758e+00 1.364247e+00	
8.490102e+05	5.888957e-01 1.938406e+00 1.363798e+00	
1.144532e+06	6.418272e-01 1.933083e+00 1.364157e+00	
8.728162e+05	7.509920e-01 1.775086e+00 1.364024e+00	
1.202419e+06	5.363120e-01 1.891409e+00 1.364360e+00	
8.631917e+05	1.545661e+00 1.595108e+00 1.364319e+00	
9.004900e+05	9.260176e-01 1.638617e+00 1.363821e+00	
2.971661e+05	4.522382e-01 1.378718e+00 1.364565e+00	
9.053937e+05	5.244949e-01 1.848597e+00 1.364367e+00	
9.123874e+05	5.923507e-01 1.690161e+00 1.364335e+00	
1.203670e+06	5.595383e-01 1.903676e+00 1.364684e+00	
1.205069e+06	7.121907e-01 1.688848e+00 1.363916e+00	
1.219848e+06	6.188020e-01 1.835413e+00 1.364560e+00	
1.206039e+06	8.901632e-01 1.717906e+00 1.364007e+00	
1.206183e+06	7.714568e-01 1.770459e+00 1.364695e+00	
1.222434e+06	6.555337e-01 1.387526e+00 1.363947e+00	
1.208044e+06	5.812206e-01 1.793773e+00 1.364257e+00	
1.208667e+06	8.595346e-01 1.662927e+00 1.364054e+00	
1.227051e+06	9.388655e-01 1.701615e+00 1.364607e+00	
1.210203e+06	4.184976e-01 1.610882e+00 1.364003e+00	
1.212498e+06	7.034698e-01 1.671167e+00 1.364356e+00	
4.060378e+05	5.743621e-01 1.570826e+00 1.364549e+00	
1.214743e+06	6.349793e-01 1.686888e+00 1.363686e+00	
9.123833e+05	1.199296e+00 1.757722e+00 1.363982e+00	
4.091642e+05	8.026826e-01 1.339425e+00 1.363897e+00	
4.179564e+05	5.286275e-01 1.559186e+00 1.364542e+00	
1.217503e+06	4.341091e-01 1.797891e+00 1.363810e+00	
1.209358e+06	4.500576e-01 1.716987e+00 1.363788e+00	
1.211817e+06	4.636651e-01 1.761618e+00 1.364555e+00	
1.212110e+06	5.371072e-01 1.507798e+00 1.364164e+00	
1.219104e+06	7.907036e-01 1.533149e+00 1.364338e+00	
4.207911e+05	8.860312e-01 1.820156e+00 1.363944e+00	
1.214245e+06	6.511096e-01 1.665369e+00 1.364331e+00	
4.128934e+05	7.244299e-01 1.648243e+00 1.363675e+00	
1.216127e+06	9.593764e-01 1.522381e+00 1.364754e+00	
1.214147e+06	6.960584e-01 1.536737e+00 1.363779e+00	
1.214466e+06	5.412949e-01 1.394070e+00 1.364006e+00	
4.176681e+05	5.833766e-01 1.726100e+00 1.364551e+00	
9.647197e+05	5.959496e-01 7.873943e-01 1.364186e+00	
9.132769e+05	5.725858e-01 1.694862e+00 1.364604e+00	
4.333219e+05	5.055130e-01 1.100240e+00 1.363572e+00	
4.234179e+05	5.628682e-01 1.795313e+00 1.364067e+00	
4.252497e+05	9.546744e-01 1.749233e+00 1.364399e+00	
4.376017e+05	6.705918e-01 1.610450e+00 1.363792e+00	
1.230088e+06	5.141074e-01 1.850881e+00 1.364649e+00	
1.261245e+06	9.312730e-01 1.593524e+00 1.364033e+00	
4.455500e+05	9.807424e-01 1.953530e+00 1.363656e+00	
1.245453e+06	5.213712e-01 1.779954e+00 1.363753e+00	
9.381176e+05	4.659459e-01 1.213378e+00 1.364451e+00	
4.061798e+05	6.010035e-01 1.625488e+00 1.363719e+00	
1.221042e+06	6.648726e-01 1.033318e+00 1.364206e+00	
4.474856e+05	5.189752e-01 1.557698e+00 1.364656e+00	
4.486973e+05	8.406221e-01 1.724932e+00 1.364230e+00	
1.001120e+06	5.443384e-01 1.726012e+00 1.363938e+00	
1.260518e+06	4.359575e-01 1.799635e+00 1.363781e+00	
4.710024e+05	4.777649e-01 1.824562e+00 1.364018e+00	
1.003789e+06	5.540861e-01 1.595982e+00 1.364110e+00	
1.006452e+06	4.383687e-01 1.228565e+00 1.364047e+00	
4.204280e+05	5.292704e-01 1.874208e+00 1.363793e+00	
4.223065e+05	6.019994e-01 1.790137e+00 1.363815e+00	
4.258778e+05	4.329559e-01 1.784767e+00 1.364504e+00	
1.278929e+06	4.349280e-01 1.436600e+00 1.363721e+00	
1.249031e+06	4.269354e-01 1.624087e+00 1.364301e+00	
1.016033e+06	4.608145e-01 1.638430e+00 1.364401e+00	
1.001412e+06	6.080182e-01 1.804201e+00 1.364574e+00	
1.308295e+06	4.446829e-01 1.612902e+00 1.363746e+00	
1.309992e+06	7.131181e-01 1.792716e+00 1.364330e+00	
1.270679e+06	8.483331e-01 1.756849e+00 1.364723e+00	
1.007635e+06	7.556297e-01 1.788245e+00 1.363896e+00	
1.027046e+06	8.220331e-01 1.763430e+00 1.363813e+00	
1.013211e+06	7.376778e-01 1.091136e+00 1.363928e+00	
1.009289e+06	6.383658e-01 1.760537e+00 1.363996e+00	
1.014623e+06	1.022556e+00 1.561924e+00 1.363940e+00	
1.015606e+06	7.142646e-01 1.584080e+00 1.364286e+00	
1.016107e+06	5.510288e-01 1.248683e+00 1.363980e+00	
1.031005e+06	5.427067e-01 1.869489e+00 1.364508e+00	
1.338931e+06	1.013613e+00 1.752193e+00 1.364292e+00	
1.017503e+06	6.051444e-01 1.708532e+00 1.364134e+00	
1.368524e+06	7.109722e-01 1.719026e+00 1.364169e+00	
1.042050e+06	6.377830e-01 1.422031e+00 1.364127e+00	
1.046280e+06	5.092872e-01 1.793622e+00 1.363812e+00	
1.049221e+06	6.522458e-01 1.764018e+00 1.364236e+00	
1.028404e+06	5.996075e-01 1.885866e+00 1.364284e+00	
1.399251e+06	5.142054e-01 1.770609e+00 1.363866e+00	
6.100647e+05	5.189986e-01 1.466860e+00 1.364690e+00	
1.401549e+06	4.702643e-01 1.742269e+00 1.364045e+00	
1.401648e+06	6.669610e-01 1.743267e+00 1.363589e+00	
1.402773e+06	4.355368e-01 1.654546e+00 1.364477e+00	
1.403239e+06	7.449075e-01 1.566211e+00 1.364009e+00	
1.065022e+06	4.562911e-01 1.566163e+00 1.363839e+00	
1.417898e+06	5.203017e-01 1.595219e+00 1.363945e+00	
1.403887e+06	3.764277e-01 1.117668e+00 1.364477e+00	
1.072445e+06	4.059388e-01 1.755259e+00 1.363927e+00	
1.420060e+06	5.489549e-01 1.391005e+00 1.364422e+00	
1.404747e+06	5.357313e-01 1.830377e+00 1.364245e+00	
1.406482e+06	1.051437e+00 1.796703e+00 1.364639e+00	
1.406011e+06	6.823657e-01 1.577942e+00 1.364453e+00	
1.409083e+06	5.885298e-01 1.628975e+00 1.363733e+00	
1.409101e+06	5.141403e-01 1.450812e+00 1.364132e+00	
1.409194e+06	1.297624e+00 1.559412e+00 1.363697e+00	
1.050055e+06	7.381430e-01 1.451046e+00 1.363713e+00	
6.216516e+05	6.417997e-01 1.109734e+00 1.364434e+00	
6.220171e+05	7.558257e-01 1.823759e+00 1.364531e+00	
6.230173e+05	4.718753e-01 1.292633e+00 1.364926e+00	
1.046161e+06	7.261215e-01 1.355956e+00 1.364004e+00	
1.416404e+06	1.164590e+00 1.713826e+00 1.364015e+00	
1.431370e+06	5.027450e-01 1.746213e+00 1.363899e+00	
6.286380e+05	4.111551e-01 1.667409e+00 1.364306e+00	
1.415047e+06	5.592369e-01 1.805542e+00 1.363839e+00	
1.419434e+06	4.018110e-01 1.056547e+00 1.364560e+00	
1.416156e+06	9.241013e-01 1.643612e+00 1.364448e+00	
1.417133e+06	5.286630e-01 1.268558e+00 1.363865e+00	
6.144510e+05	4.848705e-01 1.739721e+00 1.364337e+00	
1.418333e+06	4.999235e-01 1.289486e+00 1.364434e+00	
1.418922e+06	3.924178e-01 9.934790e-01 1.363883e+00	
6.176141e+05	4.333635e-01 1.393420e+00 1.364422e+00	
6.178622e+05	9.053805e-01 1.707082e+00 1.363741e+00	
1.446834e+06	8.071935e-01 1.897931e+00 1.364545e+00	
1.425202e+06	7.018001e-01 1.565300e+00 1.363593e+00	
1.401872e+06	6.238829e-01 1.780360e+00 1.364354e+00	
6.219440e+05	4.856728e-01 1.592291e+00 1.364857e+00	
6.220015e+05	6.646366e-01 1.845524e+00 1.364447e+00	
1.416811e+06	4.277016e-01 9.966598e-01 1.364492e+00	
1.432923e+06	6.964999e-01 1.726810e+00 1.363745e+00	
1.429112e+06	4.266371e-01 1.630278e+00 1.364188e+00	
6.256195e+05	7.202217e-01 1.542196e+00 1.363372e+00	
1.419197e+06	5.238317e-01 1.636847e+00 1.363794e+00	
1.120729e+06	6.507774e-01 1.658603e+00 1.364833e+00	
1.423347e+06	4.638594e-01 1.171268e+00 1.363828e+00	
6.019520e+05	4.354353e-01 1.783351e+00 1.364823e+00	
1.438474e+06	7.355159e-01 1.554972e+00 1.364799e+00	
6.041056e+05	4.451792e-01 1.741191e+00 1.363994e+00	
1.466029e+06	6.857271e-01 1.764515e+00 1.364701e+00	
1.446506e+06	1.012030e+00 1.681812e+00 1.363850e+00	
1.443617e+06	5.792944e-01 1.563901e+00 1.364286e+00	
1.449134e+06	6.077431e-01 1.637014e+00 1.363673e+00	
6.668917e+05	6.044187e-01 1.112264e+00 1.364060e+00	
6.115142e+05	4.912999e-01 1.817336e+00 1.364017e+00	
1.455466e+06	9.016738e-01 1.823163e+00 1.363876e+00	
1.108347e+06	1.090604e+00 1.832201e+00 1.364407e+00	
1.423711e+06	9.401923e-01 1.499963e+00 1.363794e+00	
6.153254e+05	5.954499e-01 1.530763e+00 1.364660e+00	
1.427033e+06	4.316919e-01 1.642718e+00 1.364467e+00	
6.629230e+05	5.769222e-01 1.523374e+00 1.364429e+00	
1.499252e+06	5.894777e-01 1.663947e+00 1.364288e+00	
6.289711e+05	9.605654e-01 1.699154e+00 1.363712e+00	
6.313531e+05	6.277089e-01 1.696888e+00 1.364118e+00	
7.337387e+05	8.341963e-01 1.468706e+00 1.364303e+00	
6.497287e+05	6.613570e-01 1.508200e+00 1.363843e+00	
1.478821e+06	5.863079e-01 1.450901e+00 1.363973e+00	
6.691713e+05	6.703425e-01 1.617876e+00 1.363981e+00	
1.211229e+06	8.659951e-01 1.752487e+00 1.364639e+00	
1.211520e+06	6.415524e-01 1.832563e+00 1.364643e+00	
1.213614e+06	7.294941e-01 1.609452e+00 1.363971e+00	
6.942964e+05	6.992549e-01 1.144875e+00 1.363726e+00	
1.548678e+06	7.602812e-01 1.730444e+00 1.364261e+00	
7.627515e+05	4.436315e-01 1.368047e+00 1.364087e+00	
8.033538e+05	5.475898e-01 1.741794e+00 1.364352e+00	
1.219059e+06	3.946622e-01 1.610650e+00 1.364685e+00	
8.063514e+05	6.105761e-01 1.323590e+00 1.363943e+00	
1.603712e+06	7.016004e-01 1.656859e+00 1.363700e+00	
1.207335e+06	5.970134e-01 1.785798e+00 1.363840e+00	
8.069958e+05	5.713277e-01 1.899161e+00 1.363713e+00	
1.220600e+06	5.127706e-01 1.606793e+00 1.364102e+00	
8.074557e+05	5.860589e-01 9.024272e-01 1.364561e+00	
8.094774e+05	4.704993e-01 1.733463e+00 1.364029e+00	
1.232262e+06	5.686983e-01 1.597649e+00 1.364264e+00	
1.208707e+06	8.580577e-01 1.433007e+00 1.363685e+00	
1.209177e+06	8.421849e-01 1.579523e+00 1.364757e+00	
1.610945e+06	7.338671e-01 1.681939e+00 1.363898e+00	
8.148705e+05	7.131747e-01 1.916821e+00 1.364643e+00	
1.613254e+06	6.016346e-01 1.824244e+00 1.363977e+00	
8.161492e+05	5.060160e-01 1.707140e+00 1.363956e+00	
1.606028e+06	6.005741e-01 1.670736e+00 1.363663e+00	
1.606241e+06	5.045755e-01 1.774978e+00 1.364213e+00	
1.604845e+06	5.555891e-01 1.767174e+00 1.363515e+00	
1.241735e+06	1.122802e+00 1.662530e+00 1.363423e+00	
8.206357e+05	6.735891e-01 1.525853e+00 1.364372e+00	
1.608554e+06	5.384799e-01 1.885368e+00 1.363984e+00	
1.601071e+06	6.719581e-01 1.432704e+00 1.364084e+00	
8.219495e+05	5.150175e-01 1.623782e+00 1.364703e+00	
8.225137e+05	5.483223e-01 1.663093e+00 1.364419e+00	
1.603130e+06	4.866280e-01 1.239312e+00 1.364096e+00	
1.609627e+06	7.642671e-01 1.336808e+00 1.364143e+00	
8.259390e+05	6.860258e-01 1.721124e+00 1.363734e+00	
8.110314e+05	3.960746e-01 1.085728e+00 1.363908e+00	
7.697145e+05	7.086437e-01 1.422212e+00 1.364068e+00	
1.611990e+06	4.412973e-01 1.313782e+00 1.364016e+00	
8.288668e+05	4.261461e-01 1.428897e+00 1.364578e+00	
1.606470e+06	4.175795e-01 1.685208e+00 1.363658e+00	
1.615135e+06	8.126600e-01 1.237937e+00 1.364135e+00	
1.614218e+06	9.148715e-01 1.447534e+00 1.364496e+00	
1.608452e+06	5.239633e-01 1.732559e+00 1.364211e+00	
1.615867e+06	7.770066e-01 1.654828e+00 1.364689e+00	
1.619005e+06	4.727593e-01 1.702707e+00 1.364717e+00	
8.334417e+05	7.744000e-01 1.434115e+00 1.364456e+00	
8.163953e+05	4.848201e-01 1.848712e+00 1.364421e+00	
1.224317e+06	4.678755e-01 1.724689e+00 1.363941e+00	
8.172115e+05	5.208544e-01 1.779645e+00 1.364434e+00	
8.176171e+05	8.837096e-01 1.830211e+00 1.364483e+00	
1.230072e+06	4.252452e-01 1.739031e+00 1.364602e+00	
1.613352e+06	6.109114e-01 1.714287e+00 1.363881e+00	
1.622530e+06	9.864174e-01 1.648790e+00 1.363748e+00	
1.232658e+06	5.229843e-01 1.441769e+00 1.364007e+00	
1.625019e+06	6.831326e-01 1.195246e+00 1.364325e+00	
1.615596e+06	6.309881e-01 1.828799e+00 1.364238e+00	
8.231335e+05	1.442084e+00 1.783010e+00 1.364020e+00	
8.231362e+05	4.405190e-01 1.790247e+00 1.364465e+00	
8.250112e+05	9.353528e-01 1.505693e+00 1.363969e+00	
1.262691e+06	7.991263e-01 1.772535e+00 1.363754e+00	
8.003124e+05	5.854963e-01 1.863190e+00 1.363993e+00	
1.236660e+06	5.493180e-01 1.638990e+00 1.364628e+00	
1.635372e+06	4.556141e-01 1.784911e+00 1.363974e+00	
1.635658e+06	7.725907e-01 1.498000e+00 1.364382e+00	
1.642257e+06	6.352893e-01 1.721140e+00 1.364325e+00	
8.395121e+05	5.051497e-01 1.864747e+00 1.363523e+00	
1.642950e+06	8.282556e-01 1.441060e+00 1.363816e+00	
1.251332e+06	4.612304e-01 1.744181e+00 1.365017e+00	
8.484432e+05	3.864355e-01 1.722633e+00 1.364271e+00	
8.773431e+05	5.520533e-01 1.795843e+00 1.364418e+00	
1.648042e+06	1.083021e+00 1.874617e+00 1.364554e+00	
8.170386e+05	7.563249e-01 1.723960e+00 1.364264e+00	
1.619531e+06	9.150949e-01 1.756973e+00 1.364028e+00	
1.667153e+06	5.969206e-01 1.333331e+00 1.364004e+00	
1.620648e+06	5.875892e-01 1.794373e+00 1.363718e+00	
1.657462e+06	4.848754e-01 1.841710e+00 1.364162e+00	
1.671778e+06	5.283715e-01 1.176647e+00 1.364083e+00	
1.630388e+06	1.084135e+00 1.632383e+00 1.363858e+00	
1.632044e+06	4.520037e-01 9.693950e-01 1.363996e+00	
8.804416e+05	5.627515e-01 1.519824e+00 1.364366e+00	
1.673488e+06	4.717471e-01 1.646020e+00 1.363859e+00	
1.643007e+06	1.068242e+00 1.716824e+00 1.364107e+00	
1.348321e+06	8.161263e-01 1.189988e+00 1.364222e+00	
1.338969e+06	7.415164e-01 1.488536e+00 1.363936e+00	
1.342456e+06	5.605620e-01 1.880359e+00 1.364288e+00	
1.657116e+06	5.055062e-01 1.764255e+00 1.364533e+00	
1.733275e+06	4.354041e-01 1.785997e+00 1.364003e+00	
1.340436e+06	7.365703e-01 1.662752e+00 1.364423e+00	
1.801535e+06	6.358703e-01 1.273057e+00 1.363704e+00	
9.292300e+05	6.975772e-01 1.823804e+00 1.364528e+00	
1.803342e+06	6.684520e-01 1.467497e+00 1.364259e+00	
1.005133e+06	3.835739e-01 1.179242e+00 1.363694e+00	
1.408530e+06	4.860459e-01 1.774214e+00 1.363735e+00	
1.010103e+06	4.767858e-01 1.704120e+00 1.364652e+00	
1.810426e+06	8.043000e-01 1.243862e+00 1.364143e+00	
1.800549e+06	4.752752e-01 1.801639e+00 1.363704e+00	
1.811684e+06	5.128310e-01 1.876656e+00 1.364594e+00	
1.812869e+06	4.129008e-01 1.119770e+00 1.363890e+00	
1.411347e+06	4.324323e-01 1.195241e+00 1.364194e+00	
1.013328e+06	8.795550e-01 1.647334e+00 1.364067e+00	
1.014106e+06	5.480285e-01 1.899850e+00 1.364431e+00	
1.802895e+06	5.610714e-01 1.356685e+00 1.363421e+00	
1.804211e+06	8.817092e-01 1.617071e+00 1.364102e+00	
1.409026e+06	5.544824e-01 1.918367e+00 1.364091e+00	
1.409963e+06	5.338461e-01 1.810049e+00 1.364855e+00	
1.801098e+06	5.211862e-01 1.589780e+00 1.364279e+00	
1.007101e+06	7.196490e-01 1.690640e+00 1.364270e+00	
1.806564e+06	4.609340e-01 1.333256e+00 1.363894e+00	
1.415147e+06	1.222106e+00 1.443563e+00 1.364073e+00	
1.415229e+06	7.247301e-01 1.456359e+00 1.363760e+00	
1.808185e+06	8.075530e-01 1.773374e+00 1.363705e+00	
1.803862e+06	4.349234e-01 1.788583e+00 1.364974e+00	
1.806046e+06	5.177765e-01 1.813116e+00 1.363966e+00	
1.809530e+06	4.734244e-01 9.839153e-01 1.364681e+00	
1.806785e+06	6.949158e-01 1.683960e+00 1.364259e+00	
1.814022e+06	4.701421e-01 1.746433e+00 1.364810e+00	
1.814313e+06	7.288288e-01 1.491957e+00 1.364130e+00	
1.811079e+06	3.888474e-01 9.790399e-01 1.364408e+00	
1.816774e+06	5.772014e-01 1.657355e+00 1.364202e+00	
1.819114e+06	4.716199e-01 1.782541e+00 1.364078e+00	
1.018911e+06	6.822972e-01 1.869725e+00 1.364649e+00	
1.822513e+06	6.908457e-01 1.642050e+00 1.363737e+00	
1.021337e+06	5.230484e-01 1.851959e+00 1.363993e+00	
1.818801e+06	7.007224e-01 1.428545e+00 1.364019e+00	
1.823268e+06	4.613971e-01 1.401418e+00 1.364448e+00	
1.024071e+06	5.995164e-01 1.898116e+00 1.363960e+00	
1.025388e+06	5.373952e-01 1.852679e+00 1.364259e+00	
1.026124e+06	5.573431e-01 1.650927e+00 1.364359e+00	
1.821597e+06	5.341904e-01 1.897637e+00 1.364730e+00	
1.412623e+06	6.425188e-01 1.213243e+00 1.363863e+00	
1.428592e+06	3.937631e-01 1.754529e+00 1.363976e+00	
1.831824e+06	8.873530e-01 1.473355e+00 1.364865e+00	
1.006670e+06	7.529369e-01 1.637831e+00 1.363672e+00	
1.837416e+06	5.892953e-01 1.900564e+00 1.364174e+00	
1.837589e+06	8.272382e-01 1.688384e+00 1.364131e+00	
1.413259e+06	9.521682e-01 1.495170e+00 1.363876e+00	
1.837694e+06	5.354030e-01 1.702694e+00 1.364197e+00	
1.421996e+06	1.534698e+00 1.747783e+00 1.364535e+00	
1.419163e+06	3.901079e-01 1.145495e+00 1.363957e+00	
1.851365e+06	4.635051e-01 1.296577e+00 1.363582e+00	
6.724002e+03	4.898030e-01 1.733530e+00 1.364629e+00	
6.735528e+03	5.733204e-01 1.689037e+00 1.364299e+00	
1.855573e+06	7.163269e-01 1.836443e+00 1.364171e+00	
7.982699e+03	4.403773e-01 1.433225e+00 1.364318e+00	
1.448180e+06	6.343957e-01 1.914480e+00 1.363718e+00	
1.448548e+06	8.806693e-01 1.637679e+00 1.364204e+00	
1.019816e+06	5.435277e-01 1.365725e+00 1.364399e+00	
8.975396e+03	4.890184e-01 1.814044e+00 1.364659e+00	
9.504638e+03	5.318743e-01 1.828990e+00 1.363715e+00	
9.516617e+03	5.950465e-01 1.565734e+00 1.363583e+00	
9.699991e+03	5.416223e-01 1.405084e+00 1.363986e+00	
1.809997e+06	6.774529e-01 1.801407e+00 1.364118e+00	
9.811548e+03	6.604661e-01 1.827752e+00 1.364355e+00	
1.192974e+04	4.704010e-01 1.834850e+00 1.364449e+00	
1.334130e+04	6.455204e-01 1.729972e+00 1.364255e+00	
1.366962e+04	6.022608e-01 1.668791e+00 1.364704e+00	
1.027084e+06	8.041292e-01 1.655465e+00 1.364296e+00	
1.375801e+04	4.302051e-01 9.529735e-01 1.364726e+00	
1.868508e+06	5.080399e-01 1.530062e+00 1.363848e+00	
1.582288e+04	4.536647e-01 1.780492e+00 1.364040e+00	
1.562505e+04	5.350596e-01 1.767064e+00 1.364367e+00	
1.722604e+04	4.126011e-01 1.518036e+00 1.363860e+00	
1.734270e+04	4.478602e-01 1.796381e+00 1.363858e+00	
1.874616e+06	5.927301e-01 1.672664e+00 1.364170e+00	
2.065730e+04	7.036347e-01 1.768945e+00 1.363838e+00	
2.089731e+04	5.160747e-01 1.661075e+00 1.364030e+00	
2.196965e+04	4.637002e-01 1.660316e+00 1.364040e+00	
2.209912e+04	7.236151e-01 1.402604e+00 1.364247e+00	
2.338525e+04	4.234840e-01 9.415764e-01 1.363934e+00	
2.423369e+04	6.121355e-01 1.822690e+00 1.363771e+00	
2.562311e+04	4.977980e-01 1.802676e+00 1.364103e+00	
1.457495e+06	7.344507e-01 1.815251e+00 1.364367e+00	
3.615627e+04	6.713446e-01 1.732793e+00 1.364674e+00	
3.783619e+04	1.468888e+00 1.736426e+00 1.364116e+00	
4.156394e+04	4.238916e-01 1.783358e+00 1.364208e+00	
3.981215e+04	5.826146e-01 1.809620e+00 1.364421e+00	
1.060997e+06	4.938267e-01 1.847134e+00 1.364686e+00	
4.145158e+04	7.801487e-01 1.940845e+00 1.364378e+00	
4.382130e+04	6.709953e-01 1.705696e+00 1.363635e+00	
1.494539e+06	9.962710e-01 1.716805e+00 1.364600e+00	
4.430145e+04	7.584119e-01 1.600452e+00 1.363949e+00	
4.232601e+04	1.071074e+00 1.625895e+00 1.364113e+00	
1.111127e+06	6.272793e-01 1.774342e+00 1.363835e+00	
4.861099e+04	8.300131e-01 1.747181e+00 1.364407e+00	
1.115290e+06	5.556765e-01 1.828109e+00 1.364397e+00	
5.112320e+04	1.097804e+00 1.522737e+00 1.364220e+00	
1.914211e+06	1.033303e+00 1.726370e+00 1.363773e+00	
1.929400e+06	1.010248e+00 1.756816e+00 1.364519e+00	
1.502380e+06	6.349505e-01 1.791527e+00 1.363788e+00	
6.152531e+04	7.223431e-01 1.365354e+00 1.364178e+00	
1.866724e+06	5.449700e-01 1.847817e+00 1.364430e+00	
8.053109e+04	6.863320e-01 1.505893e+00 1.364134e+00	
1.893079e+06	5.448804e-01 1.334948e+00 1.364552e+00	
8.774660e+04	6.695031e-01 1.822410e+00 1.363995e+00	
9.024753e+04	4.245639e-01 1.654081e+00 1.364406e+00	
1.500462e+06	9.708748e-01 1.572088e+00 1.363747e+00	
1.015552e+05	7.216745e-01 1.502100e+00 1.364062e+00	
