2.126641e+03	6.007145e-01 1.679326e+00 1.414175e+00	
2.941321e+03	4.680649e-01 1.869595e+00 1.414514e+00	
3.088219e+03	5.123987e-01 1.849055e+00 1.414104e+00	
3.090393e+03	8.790827e-01 1.755995e+00 1.414354e+00	
3.291213e+03	4.922585e-01 1.728255e+00 1.414140e+00	
3.387082e+03	5.525792e-01 1.150198e+00 1.414281e+00	
3.813781e+03	1.294464e+00 1.833132e+00 1.414123e+00	
4.055703e+03	5.889944e-01 1.969490e+00 1.414273e+00	
4.958913e+03	1.280405e+00 1.588214e+00 1.414603e+00	
5.140723e+03	5.802772e-01 1.242465e+00 1.413884e+00	
5.436685e+03	9.142909e-01 1.727729e+00 1.414249e+00	
5.723443e+03	4.130548e-01 1.812478e+00 1.414383e+00	
6.215524e+03	1.151791e+00 1.752991e+00 1.414330e+00	
6.266049e+03	8.304577e-01 1.773534e+00 1.413989e+00	
6.275359e+03	1.115959e+00 1.898861e+00 1.413871e+00	
8.013401e+03	8.015819e-01 1.810545e+00 1.414387e+00	
8.443627e+03	7.374921e-01 1.948137e+00 1.414378e+00	
8.953558e+03	7.775876e-01 1.666381e+00 1.413926e+00	
2.080198e+04	4.934451e-01 1.828431e+00 1.414078e+00	
2.116532e+04	6.123380e-01 2.019687e+00 1.413943e+00	
2.415630e+04	8.372696e-01 1.635443e+00 1.414026e+00	
2.633159e+04	6.126269e-01 1.879912e+00 1.413959e+00	
2.745683e+04	6.453840e-01 1.675420e+00 1.414389e+00	
2.809308e+04	4.244658e-01 1.838362e+00 1.414185e+00	
3.023599e+04	5.778654e-01 1.617640e+00 1.414170e+00	
3.125470e+04	6.786359e-01 2.074369e+00 1.414217e+00	
3.246112e+04	1.019868e+00 1.843940e+00 1.414376e+00	
3.772954e+04	5.525594e-01 1.557746e+00 1.414047e+00	
4.431115e+04	6.233697e-01 1.777458e+00 1.414160e+00	
4.658594e+04	9.297601e-01 1.969633e+00 1.414174e+00	
4.760995e+04	1.049492e+00 1.650415e+00 1.414154e+00	
4.784932e+04	7.181530e-01 1.860273e+00 1.414070e+00	
4.821596e+04	5.435402e-01 1.914110e+00 1.414481e+00	
4.866607e+04	5.574065e-01 1.783080e+00 1.414022e+00	
5.001969e+04	1.063091e+00 1.577090e+00 1.414120e+00	
5.062168e+04	1.117378e+00 1.967943e+00 1.413995e+00	
5.361108e+04	5.964085e-01 1.827354e+00 1.414105e+00	
5.451695e+04	9.796514e-01 1.768738e+00 1.414198e+00	
5.599335e+04	7.821854e-01 1.947930e+00 1.414237e+00	
5.697893e+04	6.043141e-01 1.704995e+00 1.414150e+00	
6.180365e+04	6.509816e-01 1.780831e+00 1.414045e+00	
6.551540e+04	6.749587e-01 1.810776e+00 1.414150e+00	
6.845769e+04	4.886927e-01 1.601110e+00 1.414165e+00	
6.899966e+04	5.069574e-01 1.911916e+00 1.414427e+00	
6.911797e+04	5.314206e-01 1.753405e+00 1.413922e+00	
7.074623e+04	8.732460e-01 1.716369e+00 1.414172e+00	
7.195528e+04	4.463719e-01 1.860369e+00 1.414482e+00	
7.252494e+04	4.080519e-01 1.696811e+00 1.414264e+00	
7.417875e+04	7.340954e-01 1.630692e+00 1.414026e+00	
7.513758e+04	5.404486e-01 1.953082e+00 1.414113e+00	
7.777527e+04	5.005266e-01 1.783734e+00 1.414163e+00	
8.148949e+04	6.803733e-01 1.945983e+00 1.414264e+00	
9.008115e+04	5.787119e-01 1.864776e+00 1.413783e+00	
9.190737e+04	4.343210e-01 1.734347e+00 1.414684e+00	
9.295949e+04	5.799708e-01 1.700709e+00 1.413675e+00	
9.331884e+04	1.154020e+00 1.907248e+00 1.414218e+00	
9.523009e+04	5.851180e-01 1.995100e+00 1.413995e+00	
9.697553e+04	6.975867e-01 1.840555e+00 1.414494e+00	
9.867528e+04	6.690242e-01 1.671113e+00 1.414006e+00	
9.868695e+04	4.019447e-01 1.530190e+00 1.414498e+00	
9.888315e+04	9.501274e-01 1.719474e+00 1.414509e+00	
1.052117e+05	6.457427e-01 2.015207e+00 1.414130e+00	
1.108889e+05	4.673457e-01 1.819881e+00 1.414097e+00	
1.138351e+05	7.989184e-01 1.857808e+00 1.414519e+00	
1.147872e+05	5.235478e-01 1.723992e+00 1.414214e+00	
1.153159e+05	6.475829e-01 1.318353e+00 1.414095e+00	
1.170477e+05	7.289110e-01 1.963864e+00 1.414263e+00	
1.184061e+05	1.214617e+00 1.806167e+00 1.414330e+00	
1.189098e+05	6.406000e-01 1.841468e+00 1.414000e+00	
1.284188e+05	4.950366e-01 1.372367e+00 1.414430e+00	
1.366569e+05	5.752720e-01 1.945976e+00 1.414156e+00	
1.398442e+05	5.159245e-01 1.798767e+00 1.414388e+00	
1.400295e+05	5.337187e-01 1.653734e+00 1.414304e+00	
1.449324e+05	6.386361e-01 1.898401e+00 1.414372e+00	
1.468100e+05	6.200095e-01 1.933120e+00 1.414022e+00	
1.515997e+05	1.040010e+00 1.563445e+00 1.413920e+00	
1.586335e+05	7.742637e-01 1.965003e+00 1.414150e+00	
1.608998e+05	4.292316e-01 1.841156e+00 1.414294e+00	
1.619574e+05	7.355161e-01 1.849250e+00 1.414580e+00	
1.645854e+05	5.316937e-01 1.908612e+00 1.414250e+00	
1.722142e+05	6.700715e-01 1.345270e+00 1.414415e+00	
1.746923e+05	9.606153e-01 1.654336e+00 1.414702e+00	
1.783459e+05	4.807050e-01 1.881592e+00 1.414263e+00	
1.827621e+05	6.998070e-01 1.815842e+00 1.414058e+00	
1.833752e+05	6.112840e-01 1.958227e+00 1.413799e+00	
1.837066e+05	8.417714e-01 1.860434e+00 1.414120e+00	
1.845071e+05	8.913106e-01 1.723253e+00 1.414003e+00	
1.851737e+05	6.425578e-01 1.977939e+00 1.414107e+00	
1.863334e+05	6.310130e-01 1.232968e+00 1.414356e+00	
1.872472e+05	7.637003e-01 1.983426e+00 1.414584e+00	
1.892807e+05	6.942013e-01 1.508903e+00 1.414068e+00	
1.951390e+05	1.047220e+00 1.587669e+00 1.414237e+00	
2.007272e+05	5.663880e-01 1.941821e+00 1.413945e+00	
2.022348e+05	5.242048e-01 1.593078e+00 1.413878e+00	
2.039870e+05	4.730573e-01 1.853753e+00 1.413985e+00	
2.044217e+05	7.327299e-01 1.911632e+00 1.414011e+00	
2.046573e+05	5.593237e-01 1.877632e+00 1.414212e+00	
2.054439e+05	5.484563e-01 1.613132e+00 1.413980e+00	
2.061638e+05	6.032025e-01 1.954915e+00 1.413881e+00	
2.101604e+05	5.116351e-01 1.694888e+00 1.413914e+00	
2.142463e+05	9.772710e-01 1.262594e+00 1.414227e+00	
2.143159e+05	1.085735e+00 1.793069e+00 1.414440e+00	
2.202560e+05	9.498962e-01 1.885430e+00 1.414093e+00	
2.254804e+05	4.784919e-01 1.857246e+00 1.414185e+00	
2.255613e+05	5.022675e-01 1.915698e+00 1.414039e+00	
2.278757e+05	6.172007e-01 1.863614e+00 1.414133e+00	
2.287360e+05	8.005360e-01 1.712528e+00 1.413987e+00	
2.308841e+05	5.687977e-01 1.877954e+00 1.414291e+00	
2.320419e+05	5.394270e-01 1.285406e+00 1.414168e+00	
2.324231e+05	5.713059e-01 1.918177e+00 1.414017e+00	
2.350238e+05	8.650716e-01 1.699736e+00 1.414229e+00	
2.414100e+05	5.672245e-01 1.830000e+00 1.413991e+00	
2.478396e+05	7.941203e-01 1.714399e+00 1.414035e+00	
2.483531e+05	1.086496e+00 1.867313e+00 1.414396e+00	
2.489553e+05	1.106871e+00 1.878106e+00 1.414197e+00	
2.500770e+05	4.990024e-01 1.570277e+00 1.414283e+00	
2.503025e+05	7.567367e-01 1.641374e+00 1.413924e+00	
2.509578e+05	9.034854e-01 1.720367e+00 1.414191e+00	
2.514645e+05	8.267665e-01 1.707816e+00 1.414036e+00	
2.518402e+05	6.630908e-01 1.679675e+00 1.414506e+00	
2.532840e+05	5.514650e-01 1.965695e+00 1.414309e+00	
2.541713e+05	4.539068e-01 1.827932e+00 1.414327e+00	
2.552663e+05	6.184130e-01 1.501743e+00 1.414306e+00	
2.574311e+05	4.221827e-01 1.824560e+00 1.414413e+00	
2.606799e+05	6.068966e-01 1.902047e+00 1.414542e+00	
2.625160e+05	1.237713e+00 1.745403e+00 1.414434e+00	
2.710199e+05	6.512553e-01 1.907474e+00 1.414412e+00	
2.730391e+05	5.231220e-01 1.542994e+00 1.414200e+00	
2.746683e+05	9.836608e-01 1.742922e+00 1.414034e+00	
2.763152e+05	7.630157e-01 1.508341e+00 1.414370e+00	
2.772355e+05	4.805961e-01 1.894761e+00 1.414518e+00	
2.779004e+05	5.964616e-01 1.911948e+00 1.414455e+00	
2.822389e+05	1.577692e+00 1.729138e+00 1.413858e+00	
2.867270e+05	6.241041e-01 1.777709e+00 1.413873e+00	
2.894949e+05	7.078243e-01 1.871352e+00 1.414148e+00	
2.908431e+05	9.560031e-01 1.949792e+00 1.414544e+00	
2.910292e+05	6.769230e-01 1.672246e+00 1.414037e+00	
2.922636e+05	5.058280e-01 1.563759e+00 1.414098e+00	
2.958405e+05	9.100693e-01 1.653236e+00 1.413995e+00	
2.978442e+05	8.342214e-01 1.845682e+00 1.414228e+00	
2.979027e+05	5.925331e-01 1.813963e+00 1.414296e+00	
2.990469e+05	1.065982e+00 1.483155e+00 1.413853e+00	
3.028098e+05	6.289726e-01 1.984204e+00 1.414058e+00	
3.138418e+05	8.091897e-01 1.796409e+00 1.414280e+00	
3.163801e+05	9.083233e-01 1.760791e+00 1.414364e+00	
3.183832e+05	1.036776e+00 1.699800e+00 1.414371e+00	
3.183884e+05	7.088414e-01 1.464790e+00 1.414175e+00	
3.201572e+05	1.110809e+00 1.577552e+00 1.414057e+00	
3.208887e+05	1.154671e+00 1.891118e+00 1.414106e+00	
3.212492e+05	6.893807e-01 1.962773e+00 1.414237e+00	
3.215620e+05	7.498767e-01 1.906907e+00 1.413995e+00	
3.233238e+05	1.380364e+00 1.749231e+00 1.414509e+00	
3.238416e+05	6.279146e-01 1.664217e+00 1.414244e+00	
3.258549e+05	9.973083e-01 1.850696e+00 1.413954e+00	
3.263216e+05	6.070090e-01 1.863181e+00 1.414197e+00	
3.274779e+05	1.355628e+00 1.917743e+00 1.414465e+00	
3.368542e+05	4.855126e-01 1.762189e+00 1.414286e+00	
3.372719e+05	9.362516e-01 1.788599e+00 1.414052e+00	
3.408849e+05	7.093167e-01 1.886952e+00 1.414119e+00	
3.456969e+05	4.634899e-01 1.090797e+00 1.414169e+00	
3.461165e+05	4.383396e-01 1.504471e+00 1.414211e+00	
3.587641e+05	7.533328e-01 1.854147e+00 1.414100e+00	
3.597856e+05	5.176183e-01 1.727242e+00 1.414238e+00	
3.611266e+05	7.787728e-01 1.770688e+00 1.413961e+00	
3.620717e+05	5.159631e-01 1.308149e+00 1.414458e+00	
3.633104e+05	5.176367e-01 1.830350e+00 1.414206e+00	
3.633537e+05	1.011295e+00 1.778548e+00 1.414297e+00	
3.640376e+05	8.655608e-01 1.883381e+00 1.414380e+00	
3.721230e+05	6.424406e-01 1.785512e+00 1.414075e+00	
3.821146e+05	5.698245e-01 1.957543e+00 1.414052e+00	
3.823383e+05	5.495606e-01 1.750381e+00 1.414210e+00	
3.825917e+05	4.173340e-01 1.450424e+00 1.414192e+00	
3.827636e+05	4.453524e-01 1.513257e+00 1.414525e+00	
3.828159e+05	4.294208e-01 1.824070e+00 1.413943e+00	
3.851563e+05	5.237480e-01 1.912012e+00 1.414200e+00	
3.852932e+05	1.140959e+00 1.506797e+00 1.414092e+00	
3.868396e+05	1.590433e+00 1.655952e+00 1.414425e+00	
3.927600e+05	5.436246e-01 1.867225e+00 1.414342e+00	
3.931005e+05	5.476133e-01 1.645626e+00 1.414411e+00	
3.952550e+05	4.960381e-01 1.909060e+00 1.414431e+00	
4.039267e+05	8.640865e-01 1.764315e+00 1.414064e+00	
4.039480e+05	7.833462e-01 9.341542e-01 1.414394e+00	
4.045110e+05	5.197537e-01 1.589008e+00 1.414183e+00	
4.048337e+05	5.081304e-01 1.922458e+00 1.414378e+00	
4.052781e+05	7.222574e-01 1.805958e+00 1.414257e+00	
4.052902e+05	8.583561e-01 1.730407e+00 1.414301e+00	
4.069133e+05	7.071780e-01 1.912071e+00 1.414323e+00	
4.072292e+05	4.728834e-01 1.462675e+00 1.414068e+00	
4.091706e+05	7.542581e-01 1.613289e+00 1.414316e+00	
4.095056e+05	8.091843e-01 1.927486e+00 1.414443e+00	
4.099476e+05	8.657578e-01 1.856476e+00 1.414271e+00	
4.120219e+05	8.492797e-01 1.728657e+00 1.414176e+00	
4.176086e+05	9.591140e-01 1.534454e+00 1.414382e+00	
4.199337e+05	8.684579e-01 2.037695e+00 1.414282e+00	
4.271027e+05	6.632069e-01 1.731979e+00 1.414369e+00	
4.271691e+05	4.366748e-01 1.773929e+00 1.413862e+00	
4.272235e+05	7.926341e-01 1.875502e+00 1.414028e+00	
4.274540e+05	1.030970e+00 1.638996e+00 1.414313e+00	
4.280868e+05	6.699230e-01 1.944144e+00 1.414134e+00	
4.282908e+05	8.352966e-01 1.645030e+00 1.413868e+00	
4.293390e+05	8.791982e-01 1.939795e+00 1.414509e+00	
4.295656e+05	5.254084e-01 1.835531e+00 1.414397e+00	
4.305161e+05	6.145441e-01 1.671497e+00 1.414430e+00	
4.352218e+05	4.820507e-01 1.894656e+00 1.414332e+00	
4.490762e+05	4.785794e-01 1.743467e+00 1.413887e+00	
4.496465e+05	4.906838e-01 1.558364e+00 1.414355e+00	
4.507565e+05	5.975296e-01 1.755555e+00 1.414560e+00	
4.510492e+05	5.884093e-01 1.997949e+00 1.414400e+00	
4.528759e+05	5.703051e-01 1.783463e+00 1.414077e+00	
4.541898e+05	7.348974e-01 1.449234e+00 1.413956e+00	
4.578575e+05	6.917888e-01 1.564296e+00 1.414182e+00	
4.578613e+05	7.729885e-01 1.639988e+00 1.414339e+00	
4.702340e+05	5.864120e-01 1.499887e+00 1.414213e+00	
4.709929e+05	6.301212e-01 1.210115e+00 1.414152e+00	
4.718638e+05	6.797659e-01 1.916835e+00 1.414079e+00	
4.723783e+05	6.715982e-01 1.573689e+00 1.414255e+00	
4.728571e+05	8.003986e-01 1.447862e+00 1.414008e+00	
4.736968e+05	9.425107e-01 1.558566e+00 1.414427e+00	
4.738290e+05	5.572735e-01 1.516126e+00 1.414293e+00	
4.738576e+05	6.270280e-01 1.778323e+00 1.414495e+00	
4.745549e+05	1.313434e+00 1.774780e+00 1.414093e+00	
4.750559e+05	6.030405e-01 1.937104e+00 1.413974e+00	
4.757044e+05	8.229655e-01 1.413308e+00 1.414462e+00	
4.760599e+05	6.660311e-01 1.765745e+00 1.413903e+00	
4.764251e+05	6.978560e-01 1.474551e+00 1.414124e+00	
4.765511e+05	7.845734e-01 1.815728e+00 1.414305e+00	
4.766764e+05	7.559584e-01 1.654595e+00 1.414509e+00	
4.832949e+05	5.293899e-01 1.848474e+00 1.414170e+00	
4.941528e+05	5.264968e-01 1.939538e+00 1.414153e+00	
4.948609e+05	6.952152e-01 1.527804e+00 1.413990e+00	
4.948889e+05	5.098633e-01 1.912179e+00 1.414141e+00	
4.955373e+05	4.589554e-01 1.848060e+00 1.414101e+00	
4.961633e+05	9.533379e-01 1.785798e+00 1.414287e+00	
4.967236e+05	6.279068e-01 1.760991e+00 1.414558e+00	
4.974511e+05	9.315543e-01 1.638588e+00 1.414212e+00	
5.032772e+05	4.409108e-01 1.827052e+00 1.414463e+00	
5.041784e+05	9.184384e-01 1.844922e+00 1.414126e+00	
5.062237e+05	7.307280e-01 1.793272e+00 1.413999e+00	
5.068722e+05	7.768334e-01 1.659163e+00 1.414194e+00	
5.147567e+05	4.990358e-01 1.867489e+00 1.414244e+00	
5.149642e+05	7.389251e-01 1.802662e+00 1.414266e+00	
5.171137e+05	8.548899e-01 1.725967e+00 1.414046e+00	
5.171600e+05	5.211429e-01 1.907585e+00 1.414385e+00	
5.175119e+05	6.828279e-01 1.594511e+00 1.414274e+00	
5.190436e+05	3.971514e-01 1.356817e+00 1.414581e+00	
5.202225e+05	5.124544e-01 1.849016e+00 1.414206e+00	
5.215364e+05	1.274698e+00 1.876234e+00 1.414321e+00	
5.295369e+05	5.012731e-01 1.852079e+00 1.413934e+00	
5.335867e+05	9.278725e-01 2.019032e+00 1.414231e+00	
5.367377e+05	7.511166e-01 1.657316e+00 1.414042e+00	
5.388763e+05	4.430127e-01 1.786168e+00 1.413895e+00	
5.396541e+05	9.593339e-01 1.860764e+00 1.414138e+00	
5.398409e+05	5.696178e-01 1.621305e+00 1.414436e+00	
5.403254e+05	6.877164e-01 1.763646e+00 1.414305e+00	
5.435206e+05	5.511188e-01 1.314166e+00 1.414037e+00	
5.445657e+05	5.336854e-01 1.817247e+00 1.414080e+00	
5.457730e+05	9.184747e-01 1.781274e+00 1.413887e+00	
5.470728e+05	5.700579e-01 1.483762e+00 1.414482e+00	
5.523853e+05	8.557060e-01 1.796394e+00 1.413834e+00	
5.534527e+05	1.099873e+00 1.741203e+00 1.414310e+00	
5.567358e+05	7.003682e-01 1.856401e+00 1.414596e+00	
5.597212e+05	6.397506e-01 1.869493e+00 1.414071e+00	
5.611023e+05	5.273420e-01 9.313751e-01 1.414227e+00	
5.615633e+05	1.044863e+00 1.648435e+00 1.414360e+00	
5.634147e+05	5.293337e-01 1.943537e+00 1.414222e+00	
5.641465e+05	7.286392e-01 1.826740e+00 1.414403e+00	
5.642027e+05	8.341071e-01 1.835279e+00 1.414539e+00	
5.649698e+05	5.486948e-01 1.957737e+00 1.414226e+00	
5.658402e+05	5.812758e-01 1.879110e+00 1.414267e+00	
5.842014e+05	5.838191e-01 1.979679e+00 1.414204e+00	
5.864452e+05	4.197830e-01 1.826001e+00 1.414094e+00	
5.895959e+05	5.292619e-01 1.889358e+00 1.414296e+00	
6.039063e+05	8.459386e-01 1.798115e+00 1.414109e+00	
6.068702e+05	4.582185e-01 1.857444e+00 1.414290e+00	
6.068975e+05	6.503496e-01 1.885406e+00 1.414427e+00	
6.083100e+05	7.165362e-01 1.816401e+00 1.414446e+00	
6.086640e+05	6.496865e-01 1.796399e+00 1.413972e+00	
6.093173e+05	4.975578e-01 1.784786e+00 1.414292e+00	
6.095666e+05	5.276905e-01 1.809450e+00 1.414536e+00	
6.100121e+05	4.632531e-01 1.407181e+00 1.414247e+00	
6.157459e+05	5.185869e-01 1.737363e+00 1.414170e+00	
6.258644e+05	6.988646e-01 1.987754e+00 1.414181e+00	
6.274344e+05	7.142003e-01 1.530519e+00 1.413892e+00	
6.287468e+05	8.454909e-01 1.662123e+00 1.414283e+00	
6.297058e+05	5.373243e-01 1.638658e+00 1.414052e+00	
6.297407e+05	6.081538e-01 1.697373e+00 1.414006e+00	
6.297496e+05	7.422503e-01 1.554174e+00 1.414092e+00	
6.508029e+05	5.684378e-01 1.720781e+00 1.414214e+00	
6.509510e+05	4.820348e-01 1.867853e+00 1.414296e+00	
6.536230e+05	9.013055e-01 1.920921e+00 1.414445e+00	
6.536483e+05	6.035362e-01 1.949023e+00 1.413917e+00	
6.725610e+05	5.026436e-01 1.906949e+00 1.414327e+00	
6.741916e+05	5.781413e-01 1.971992e+00 1.414016e+00	
6.742517e+05	6.879274e-01 1.911466e+00 1.414384e+00	
6.747919e+05	8.789715e-01 1.724165e+00 1.414092e+00	
6.759178e+05	1.203644e+00 1.933247e+00 1.414208e+00	
6.759890e+05	9.178478e-01 1.845351e+00 1.414350e+00	
6.770144e+05	1.532436e+00 1.871934e+00 1.414164e+00	
6.770569e+05	4.928219e-01 1.851518e+00 1.414327e+00	
6.780064e+05	5.546537e-01 1.381338e+00 1.414353e+00	
6.854893e+05	1.082414e+00 1.829756e+00 1.414030e+00	
6.938803e+05	6.835371e-01 1.927760e+00 1.414141e+00	
6.945389e+05	8.404668e-01 1.769174e+00 1.414092e+00	
6.955844e+05	8.842490e-01 1.819328e+00 1.414476e+00	
6.956339e+05	3.990461e-01 1.805596e+00 1.414588e+00	
6.961245e+05	8.065790e-01 1.678091e+00 1.414129e+00	
6.979691e+05	4.830619e-01 1.836381e+00 1.414161e+00	
6.994556e+05	1.142633e+00 1.633884e+00 1.414269e+00	
7.045913e+05	5.267770e-01 1.576696e+00 1.414500e+00	
7.061563e+05	7.721552e-01 1.966098e+00 1.413952e+00	
7.123759e+05	1.398665e+00 1.745431e+00 1.414140e+00	
7.180951e+05	7.191365e-01 1.927481e+00 1.414024e+00	
7.187225e+05	5.072164e-01 1.750065e+00 1.414307e+00	
7.189003e+05	4.624412e-01 1.741724e+00 1.413921e+00	
7.204514e+05	4.347175e-01 1.610207e+00 1.413903e+00	
7.220452e+05	6.463730e-01 1.486678e+00 1.414233e+00	
7.252798e+05	6.437342e-01 1.941780e+00 1.414005e+00	
7.254237e+05	4.764061e-01 1.054227e+00 1.414190e+00	
7.293380e+05	1.517893e+00 1.836552e+00 1.414436e+00	
7.322256e+05	4.739098e-01 1.885222e+00 1.413991e+00	
7.343134e+05	7.680972e-01 1.855293e+00 1.414097e+00	
7.352421e+05	8.268866e-01 1.260435e+00 1.413954e+00	
7.390764e+05	6.913668e-01 1.842301e+00 1.414017e+00	
7.395434e+05	6.053847e-01 1.508004e+00 1.414192e+00	
7.415915e+05	7.245240e-01 1.818284e+00 1.414316e+00	
7.433065e+05	8.399316e-01 1.901904e+00 1.414269e+00	
7.505140e+05	6.816497e-01 1.862188e+00 1.414216e+00	
7.516525e+05	5.220216e-01 1.407100e+00 1.413893e+00	
7.551421e+05	7.383523e-01 1.867635e+00 1.414166e+00	
7.624992e+05	4.468346e-01 1.807820e+00 1.414292e+00	
7.634292e+05	5.941734e-01 1.658549e+00 1.414056e+00	
7.672682e+05	4.826093e-01 1.816915e+00 1.414249e+00	
7.680831e+05	7.361683e-01 1.455975e+00 1.414399e+00	
7.682288e+05	9.958420e-01 1.868282e+00 1.414094e+00	
7.685123e+05	7.124841e-01 1.899369e+00 1.414446e+00	
7.690586e+05	1.456173e+00 1.883918e+00 1.414007e+00	
7.835366e+05	7.343823e-01 1.888079e+00 1.413924e+00	
7.847905e+05	5.195789e-01 1.923959e+00 1.413865e+00	
7.850274e+05	5.480692e-01 1.752779e+00 1.414427e+00	
7.857800e+05	5.018430e-01 1.905960e+00 1.414236e+00	
7.879823e+05	9.441044e-01 1.545114e+00 1.414365e+00	
7.891120e+05	1.080385e+00 1.830338e+00 1.414285e+00	
7.894079e+05	6.144579e-01 2.014360e+00 1.413994e+00	
7.902996e+05	8.247368e-01 1.923165e+00 1.414491e+00	
7.934023e+05	7.218226e-01 1.957863e+00 1.414363e+00	
7.989023e+05	1.088286e+00 1.639131e+00 1.414322e+00	
8.051055e+05	4.450231e-01 1.790352e+00 1.414112e+00	
8.060679e+05	5.556214e-01 1.824926e+00 1.414461e+00	
8.064176e+05	9.408129e-01 1.940890e+00 1.413879e+00	
8.074483e+05	6.633204e-01 1.640870e+00 1.414309e+00	
8.075257e+05	6.836792e-01 1.882588e+00 1.414462e+00	
8.077925e+05	6.396327e-01 1.608624e+00 1.414574e+00	
8.085642e+05	1.101654e+00 1.859432e+00 1.414460e+00	
8.102025e+05	1.253153e+00 1.890897e+00 1.414148e+00	
8.107116e+05	4.946782e-01 1.422866e+00 1.414442e+00	
8.112535e+05	8.305563e-01 1.740848e+00 1.414637e+00	
8.126795e+05	9.489643e-01 1.816984e+00 1.414107e+00	
8.155434e+05	4.899129e-01 1.692464e+00 1.413839e+00	
8.192649e+05	6.402109e-01 1.803508e+00 1.414424e+00	
8.208171e+05	8.102690e-01 2.010459e+00 1.413983e+00	
8.298258e+05	4.768974e-01 1.841286e+00 1.414339e+00	
8.356544e+05	1.018738e+00 1.904998e+00 1.414510e+00	
8.364640e+05	1.149712e+00 1.871563e+00 1.414226e+00	
8.369543e+05	4.422264e-01 1.652806e+00 1.414573e+00	
8.374880e+05	5.835444e-01 1.570731e+00 1.414362e+00	
8.497537e+05	4.743262e-01 1.838728e+00 1.414038e+00	
8.517004e+05	5.390591e-01 1.853657e+00 1.414290e+00	
8.523240e+05	4.216864e-01 1.784186e+00 1.414307e+00	
8.525931e+05	9.695654e-01 1.602627e+00 1.414340e+00	
8.528032e+05	1.035694e+00 1.746220e+00 1.414340e+00	
8.537543e+05	5.154530e-01 1.598931e+00 1.414212e+00	
8.546643e+05	7.974587e-01 2.003339e+00 1.414301e+00	
8.547702e+05	5.471368e-01 1.089980e+00 1.414323e+00	
8.550578e+05	1.206419e+00 1.825201e+00 1.414430e+00	
8.552071e+05	6.523362e-01 1.915638e+00 1.414462e+00	
8.562267e+05	6.648609e-01 1.819934e+00 1.414154e+00	
8.579501e+05	6.398823e-01 1.262010e+00 1.414180e+00	
8.586732e+05	7.358055e-01 1.866864e+00 1.414294e+00	
8.615423e+05	6.065303e-01 1.595754e+00 1.414304e+00	
8.622431e+05	5.043333e-01 1.825799e+00 1.414396e+00	
8.629988e+05	6.251344e-01 1.798137e+00 1.414193e+00	
8.738048e+05	6.559265e-01 1.984176e+00 1.414524e+00	
8.738946e+05	4.970982e-01 1.909080e+00 1.414392e+00	
8.741904e+05	5.468809e-01 1.740621e+00 1.414255e+00	
8.746899e+05	1.061863e+00 1.781245e+00 1.414146e+00	
8.750453e+05	7.729696e-01 1.640259e+00 1.414116e+00	
8.751830e+05	6.087734e-01 1.510543e+00 1.414026e+00	
8.761159e+05	5.301738e-01 1.925138e+00 1.414489e+00	
8.782487e+05	7.078089e-01 1.963706e+00 1.414035e+00	
8.827149e+05	7.868538e-01 1.850875e+00 1.414304e+00	
8.858948e+05	7.799849e-01 1.702469e+00 1.414255e+00	
8.868826e+05	4.604952e-01 1.864336e+00 1.414174e+00	
8.900325e+05	7.717848e-01 2.014520e+00 1.414585e+00	
8.950606e+05	5.361758e-01 1.936129e+00 1.414655e+00	
8.965743e+05	6.725934e-01 1.803360e+00 1.413930e+00	
8.976514e+05	5.809419e-01 1.984483e+00 1.414228e+00	
8.988989e+05	7.462420e-01 1.768792e+00 1.413976e+00	
9.061935e+05	1.325576e+00 1.923730e+00 1.414435e+00	
9.169435e+05	6.029608e-01 1.916751e+00 1.414010e+00	
9.183488e+05	8.182514e-01 1.860428e+00 1.414322e+00	
9.197751e+05	6.762927e-01 1.931831e+00 1.414219e+00	
6.936577e+02	4.867263e-01 1.747921e+00 1.414299e+00	
2.690268e+03	6.362082e-01 2.013873e+00 1.414369e+00	
4.275930e+03	9.819555e-01 1.740658e+00 1.414162e+00	
1.620847e+03	7.361936e-01 1.669452e+00 1.413916e+00	
1.756030e+03	7.401315e-01 1.466869e+00 1.414297e+00	
2.276577e+03	5.971484e-01 1.922862e+00 1.414084e+00	
2.825662e+03	6.750160e-01 1.512424e+00 1.413987e+00	
3.314753e+03	4.345065e-01 1.819757e+00 1.414179e+00	
3.700343e+03	6.749517e-01 1.876657e+00 1.414612e+00	
3.922366e+03	4.531247e-01 1.586143e+00 1.414188e+00	
4.121577e+03	6.601411e-01 1.769081e+00 1.413822e+00	
4.158936e+03	6.226585e-01 1.589217e+00 1.414217e+00	
4.482602e+03	5.336321e-01 1.947916e+00 1.414294e+00	
5.592751e+03	5.460730e-01 1.841295e+00 1.414102e+00	
5.663738e+03	4.836637e-01 1.754235e+00 1.414480e+00	
8.841290e+03	5.100013e-01 1.683873e+00 1.414576e+00	
9.132566e+03	6.103108e-01 1.884152e+00 1.414195e+00	
1.048294e+04	5.818596e-01 1.992933e+00 1.413789e+00	
1.053203e+04	1.015145e+00 1.790383e+00 1.413989e+00	
1.183580e+04	6.094796e-01 1.979128e+00 1.414628e+00	
1.185308e+04	1.050677e+00 1.940718e+00 1.414425e+00	
1.375701e+04	8.223540e-01 1.706490e+00 1.414451e+00	
1.422060e+04	1.006796e+00 1.695544e+00 1.414475e+00	
1.532300e+04	6.669133e-01 2.077473e+00 1.414329e+00	
2.407045e+04	1.010398e+00 1.687593e+00 1.414626e+00	
2.453388e+04	5.384843e-01 1.848146e+00 1.414000e+00	
2.493847e+04	4.901251e-01 1.207360e+00 1.414274e+00	
2.551074e+04	4.200694e-01 1.338661e+00 1.414578e+00	
2.627693e+04	5.093475e-01 1.726720e+00 1.414338e+00	
2.711001e+04	7.762476e-01 1.753537e+00 1.414159e+00	
2.714882e+04	7.113252e-01 1.871290e+00 1.413810e+00	
2.926132e+04	4.699733e-01 1.738681e+00 1.413950e+00	
3.020652e+04	6.682318e-01 1.132536e+00 1.414303e+00	
3.046703e+04	4.832333e-01 1.879103e+00 1.414056e+00	
3.116463e+04	5.100223e-01 1.918757e+00 1.414483e+00	
3.123748e+04	9.072951e-01 1.773070e+00 1.414308e+00	
3.230330e+04	8.569513e-01 1.941165e+00 1.414048e+00	
3.492355e+04	9.366177e-01 1.910415e+00 1.414027e+00	
4.444378e+04	8.803175e-01 1.688814e+00 1.414032e+00	
4.716581e+04	7.704718e-01 1.688874e+00 1.413905e+00	
4.740646e+04	4.592392e-01 1.744679e+00 1.414169e+00	
4.765266e+04	6.358556e-01 1.713957e+00 1.414165e+00	
4.771703e+04	5.468928e-01 1.875473e+00 1.414212e+00	
4.851318e+04	4.837371e-01 1.549597e+00 1.414470e+00	
4.951142e+04	5.361717e-01 1.894112e+00 1.414355e+00	
5.019294e+04	5.586135e-01 1.919967e+00 1.414386e+00	
5.081567e+04	5.501622e-01 1.901371e+00 1.414076e+00	
5.438733e+04	4.153925e-01 1.179648e+00 1.414091e+00	
5.482368e+04	8.560863e-01 1.771300e+00 1.414304e+00	
5.504226e+04	6.084913e-01 1.958397e+00 1.414372e+00	
6.752749e+04	5.945327e-01 1.891090e+00 1.414046e+00	
6.785474e+04	5.529978e-01 1.524916e+00 1.414220e+00	
6.828979e+04	7.650022e-01 1.588421e+00 1.414172e+00	
6.941827e+04	7.053458e-01 1.808924e+00 1.414223e+00	
6.996526e+04	5.197157e-01 1.875587e+00 1.414232e+00	
7.021485e+04	6.286776e-01 1.672469e+00 1.414135e+00	
7.154427e+04	4.979033e-01 1.883392e+00 1.414200e+00	
7.204527e+04	1.003683e+00 1.601811e+00 1.414441e+00	
7.213151e+04	8.405015e-01 1.759838e+00 1.414143e+00	
7.291035e+04	5.622529e-01 1.644551e+00 1.413966e+00	
7.604322e+04	8.711170e-01 1.671306e+00 1.414332e+00	
7.626776e+04	7.565812e-01 1.614396e+00 1.414121e+00	
7.627142e+04	5.984462e-01 1.621237e+00 1.414045e+00	
7.719286e+04	6.893084e-01 2.044524e+00 1.414242e+00	
7.821546e+04	5.434054e-01 1.957262e+00 1.413869e+00	
8.047997e+04	1.230669e+00 1.594066e+00 1.414630e+00	
8.083218e+04	5.334001e-01 1.932791e+00 1.413923e+00	
9.083575e+04	5.872123e-01 1.861340e+00 1.413889e+00	
9.113563e+04	5.556779e-01 1.872693e+00 1.414254e+00	
9.191248e+04	5.177485e-01 1.766422e+00 1.414704e+00	
9.219671e+04	1.434262e+00 1.879000e+00 1.414048e+00	
9.246126e+04	6.958910e-01 1.578337e+00 1.413799e+00	
9.308152e+04	5.019771e-01 1.911000e+00 1.414234e+00	
9.377125e+04	5.156804e-01 1.515335e+00 1.414366e+00	
9.521809e+04	6.397332e-01 1.891193e+00 1.414060e+00	
9.940394e+04	4.685130e-01 1.661715e+00 1.414071e+00	
1.068087e+05	7.924532e-01 1.902315e+00 1.414709e+00	
1.086308e+05	7.011374e-01 1.606167e+00 1.414384e+00	
1.136535e+05	4.360931e-01 1.758417e+00 1.414023e+00	
1.141537e+05	5.085292e-01 1.896600e+00 1.413841e+00	
1.141742e+05	1.074191e+00 1.819451e+00 1.413965e+00	
1.156207e+05	5.294560e-01 1.728290e+00 1.414051e+00	
1.166808e+05	7.304887e-01 1.476105e+00 1.414383e+00	
1.169043e+05	8.523857e-01 1.801968e+00 1.414076e+00	
1.182167e+05	5.920201e-01 1.723121e+00 1.413985e+00	
1.194147e+05	7.980119e-01 1.268888e+00 1.414224e+00	
1.206438e+05	4.465742e-01 1.810439e+00 1.414238e+00	
1.211387e+05	1.378556e+00 1.640784e+00 1.414163e+00	
1.211636e+05	3.923714e-01 1.223654e+00 1.414089e+00	
1.305592e+05	6.856988e-01 1.758327e+00 1.414424e+00	
1.358374e+05	8.163956e-01 1.376330e+00 1.414160e+00	
1.361777e+05	4.850298e-01 1.558080e+00 1.414033e+00	
1.361903e+05	8.323618e-01 1.725486e+00 1.414110e+00	
1.366743e+05	4.188201e-01 1.753840e+00 1.414275e+00	
1.368880e+05	6.798022e-01 1.835725e+00 1.414099e+00	
1.369719e+05	1.451381e+00 1.947544e+00 1.414341e+00	
1.372786e+05	5.423814e-01 1.747598e+00 1.414147e+00	
1.380187e+05	4.531904e-01 1.866636e+00 1.414093e+00	
1.380904e+05	1.554440e+00 1.765790e+00 1.414359e+00	
1.383231e+05	4.867143e-01 1.694823e+00 1.414460e+00	
1.388491e+05	8.702588e-01 1.785858e+00 1.414121e+00	
1.389024e+05	7.123001e-01 1.790325e+00 1.414310e+00	
1.391270e+05	4.263719e-01 1.838650e+00 1.414403e+00	
1.392257e+05	6.486673e-01 2.007796e+00 1.414318e+00	
1.395871e+05	9.172388e-01 1.758658e+00 1.414154e+00	
1.396293e+05	8.773467e-01 1.422399e+00 1.414103e+00	
1.397065e+05	4.654837e-01 1.796714e+00 1.414139e+00	
1.509257e+05	4.919372e-01 1.213509e+00 1.414325e+00	
1.519335e+05	6.929116e-01 1.633334e+00 1.414066e+00	
1.542641e+05	6.365499e-01 1.840450e+00 1.414279e+00	
1.555495e+05	9.419326e-01 1.748819e+00 1.413875e+00	
1.584241e+05	5.013527e-01 1.915064e+00 1.414266e+00	
1.585917e+05	1.307080e+00 1.725767e+00 1.414180e+00	
1.594073e+05	5.974586e-01 1.460710e+00 1.414260e+00	
1.594113e+05	8.096367e-01 1.697095e+00 1.414532e+00	
1.612739e+05	7.192166e-01 1.673437e+00 1.414284e+00	
1.623769e+05	6.520605e-01 1.946196e+00 1.414091e+00	
1.624264e+05	7.562836e-01 1.594590e+00 1.414022e+00	
1.642277e+05	1.211541e+00 1.710493e+00 1.414388e+00	
1.661141e+05	4.549003e-01 1.852118e+00 1.414547e+00	
1.662074e+05	6.601207e-01 1.814263e+00 1.414465e+00	
1.729373e+05	5.312389e-01 1.938929e+00 1.414048e+00	
1.761167e+05	1.516866e+00 1.869506e+00 1.413958e+00	
1.803713e+05	5.118523e-01 1.850721e+00 1.414085e+00	
1.814734e+05	4.137024e-01 1.783791e+00 1.414701e+00	
1.818154e+05	5.061829e-01 1.604057e+00 1.414029e+00	
1.832413e+05	8.480282e-01 1.960535e+00 1.414042e+00	
1.836864e+05	7.280882e-01 1.791929e+00 1.414177e+00	
1.842022e+05	7.167079e-01 1.854736e+00 1.414039e+00	
2.024059e+05	5.872131e-01 2.000823e+00 1.413878e+00	
2.024636e+05	5.433037e-01 9.531829e-01 1.414099e+00	
2.028371e+05	6.052414e-01 1.782894e+00 1.414523e+00	
2.034023e+05	7.995805e-01 1.958292e+00 1.414381e+00	
2.036928e+05	6.612836e-01 1.945383e+00 1.414393e+00	
2.039966e+05	4.345525e-01 1.530203e+00 1.414037e+00	
2.043338e+05	5.357324e-01 1.678747e+00 1.414329e+00	
2.051932e+05	6.801881e-01 1.656451e+00 1.414019e+00	
2.059128e+05	5.983350e-01 1.965600e+00 1.414100e+00	
2.069382e+05	5.863780e-01 1.919400e+00 1.413997e+00	
2.088457e+05	1.191244e+00 1.866606e+00 1.414246e+00	
2.193836e+05	5.333380e-01 1.699668e+00 1.413906e+00	
2.241840e+05	5.516493e-01 1.614265e+00 1.414463e+00	
2.261441e+05	5.031094e-01 1.823924e+00 1.414458e+00	
2.264048e+05	8.137143e-01 1.747905e+00 1.414217e+00	
2.265628e+05	8.219620e-01 1.566006e+00 1.414151e+00	
2.271278e+05	1.043129e+00 1.811738e+00 1.414111e+00	
2.278991e+05	6.871427e-01 1.949633e+00 1.414137e+00	
2.286323e+05	8.909513e-01 1.955743e+00 1.414275e+00	
2.331532e+05	8.030660e-01 1.408793e+00 1.414042e+00	
2.373097e+05	7.637846e-01 1.876404e+00 1.413916e+00	
2.467164e+05	5.436191e-01 1.659797e+00 1.414325e+00	
2.481691e+05	5.611055e-01 1.960696e+00 1.414141e+00	
2.489347e+05	5.132407e-01 1.913685e+00 1.414441e+00	
2.495687e+05	5.906213e-01 1.895358e+00 1.414501e+00	
2.498114e+05	6.171916e-01 1.811102e+00 1.414202e+00	
2.500571e+05	6.083889e-01 1.930337e+00 1.414014e+00	
2.501188e+05	7.134871e-01 1.747221e+00 1.413941e+00	
2.502482e+05	9.228677e-01 1.789368e+00 1.414445e+00	
2.504487e+05	8.150580e-01 1.918176e+00 1.414358e+00	
2.511267e+05	5.437261e-01 1.909206e+00 1.414260e+00	
2.513659e+05	8.678125e-01 1.413140e+00 1.414094e+00	
2.521061e+05	5.849796e-01 1.589313e+00 1.414467e+00	
2.521528e+05	6.799899e-01 1.781269e+00 1.414169e+00	
2.526732e+05	4.803829e-01 1.560627e+00 1.414311e+00	
2.548672e+05	5.994502e-01 1.861081e+00 1.414403e+00	
2.570443e+05	4.257756e-01 1.786322e+00 1.414390e+00	
2.703532e+05	4.344084e-01 1.713529e+00 1.414113e+00	
2.705490e+05	5.894563e-01 1.922125e+00 1.414235e+00	
2.717999e+05	7.570564e-01 1.715849e+00 1.413914e+00	
2.718977e+05	5.872694e-01 1.951243e+00 1.413776e+00	
2.729992e+05	8.910815e-01 1.746167e+00 1.414000e+00	
2.731559e+05	7.209863e-01 1.492176e+00 1.414330e+00	
2.739694e+05	4.941768e-01 1.754732e+00 1.414083e+00	
2.753386e+05	9.027481e-01 1.821327e+00 1.414183e+00	
2.770804e+05	4.364883e-01 1.807243e+00 1.413936e+00	
2.772281e+05	1.119245e+00 1.612008e+00 1.413970e+00	
2.783272e+05	4.842458e-01 1.368394e+00 1.414149e+00	
2.813395e+05	1.260622e+00 1.595324e+00 1.414484e+00	
2.873866e+05	8.552081e-01 1.858996e+00 1.414348e+00	
2.883732e+05	4.573922e-01 1.809900e+00 1.413935e+00	
2.914635e+05	5.939340e-01 1.816352e+00 1.413874e+00	
2.931750e+05	5.736549e-01 1.753869e+00 1.414182e+00	
2.935059e+05	6.178162e-01 1.941098e+00 1.413944e+00	
2.944735e+05	4.411360e-01 1.813253e+00 1.413888e+00	
2.946087e+05	9.788699e-01 1.474556e+00 1.414592e+00	
2.947041e+05	4.067016e-01 1.809979e+00 1.414070e+00	
2.970302e+05	7.017273e-01 1.847614e+00 1.414198e+00	
3.024779e+05	4.380288e-01 1.459033e+00 1.414498e+00	
3.050829e+05	6.599663e-01 1.067039e+00 1.413915e+00	
3.103157e+05	9.836547e-01 1.694341e+00 1.414223e+00	
3.142496e+05	7.025418e-01 1.834662e+00 1.414135e+00	
3.153107e+05	6.799673e-01 1.692810e+00 1.414046e+00	
3.187812e+05	4.340723e-01 1.844555e+00 1.414245e+00	
3.203316e+05	5.604273e-01 1.973559e+00 1.413995e+00	
3.209585e+05	8.033086e-01 1.563948e+00 1.414213e+00	
3.223776e+05	6.780013e-01 1.636349e+00 1.414389e+00	
3.257360e+05	6.936240e-01 1.082515e+00 1.414464e+00	
3.266362e+05	1.000384e+00 1.873112e+00 1.414209e+00	
3.291754e+05	4.456496e-01 1.750495e+00 1.414037e+00	
3.371463e+05	6.974250e-01 1.730938e+00 1.414393e+00	
3.375094e+05	1.410281e+00 1.843034e+00 1.414328e+00	
3.384506e+05	7.643829e-01 1.819695e+00 1.414149e+00	
3.391412e+05	7.672074e-01 1.626632e+00 1.414220e+00	
3.398438e+05	7.073413e-01 1.748308e+00 1.414348e+00	
3.400290e+05	5.081092e-01 1.895109e+00 1.414176e+00	
3.404732e+05	6.777235e-01 1.601375e+00 1.414410e+00	
3.410255e+05	7.310930e-01 1.973522e+00 1.414440e+00	
3.412971e+05	4.806276e-01 1.889428e+00 1.414283e+00	
3.445125e+05	6.449128e-01 1.905692e+00 1.414262e+00	
3.536053e+05	6.212157e-01 1.751820e+00 1.414230e+00	
3.586604e+05	5.339031e-01 1.603669e+00 1.413948e+00	
3.588805e+05	6.038838e-01 1.877257e+00 1.414185e+00	
3.596658e+05	5.009980e-01 1.912880e+00 1.413886e+00	
3.601395e+05	5.968520e-01 1.619120e+00 1.414732e+00	
3.607031e+05	7.327731e-01 1.744346e+00 1.414114e+00	
3.611130e+05	5.732782e-01 1.401657e+00 1.413891e+00	
3.612917e+05	8.809044e-01 1.869996e+00 1.414165e+00	
3.616423e+05	5.786267e-01 1.824706e+00 1.413790e+00	
3.622859e+05	4.487255e-01 1.307037e+00 1.414078e+00	
3.628156e+05	5.799380e-01 1.912489e+00 1.413910e+00	
3.633243e+05	7.123272e-01 1.779368e+00 1.413827e+00	
3.643475e+05	7.291147e-01 1.569034e+00 1.414443e+00	
3.649643e+05	4.755467e-01 1.828144e+00 1.414183e+00	
3.661661e+05	7.684695e-01 2.033857e+00 1.414275e+00	
3.665588e+05	5.064341e-01 1.385162e+00 1.414236e+00	
3.674065e+05	1.013793e+00 1.795923e+00 1.414303e+00	
3.696277e+05	7.008022e-01 1.854906e+00 1.414148e+00	
3.715152e+05	9.562667e-01 1.579798e+00 1.414405e+00	
3.800873e+05	9.567237e-01 1.756824e+00 1.414176e+00	
3.822378e+05	6.672279e-01 2.049551e+00 1.414378e+00	
3.823416e+05	5.351951e-01 1.933413e+00 1.414089e+00	
3.866158e+05	1.088268e+00 1.807728e+00 1.414365e+00	
3.936223e+05	1.038889e+00 1.760862e+00 1.414465e+00	
4.024134e+05	9.837049e-01 1.887379e+00 1.414351e+00	
4.046763e+05	5.388707e-01 1.808384e+00 1.414358e+00	
4.048093e+05	5.983448e-01 2.012686e+00 1.414342e+00	
4.049680e+05	8.282225e-01 1.896241e+00 1.414102e+00	
4.056172e+05	5.179096e-01 1.644825e+00 1.414268e+00	
4.066740e+05	5.380469e-01 1.806209e+00 1.413991e+00	
4.073045e+05	7.506002e-01 1.769840e+00 1.414132e+00	
4.075946e+05	8.930222e-01 1.783477e+00 1.414243e+00	
4.076195e+05	6.991965e-01 1.712579e+00 1.414350e+00	
4.077865e+05	8.124170e-01 1.435873e+00 1.414010e+00	
4.082302e+05	6.240974e-01 1.871244e+00 1.414466e+00	
4.154775e+05	9.288733e-01 1.884053e+00 1.413962e+00	
4.172458e+05	7.576548e-01 1.902196e+00 1.414295e+00	
4.182015e+05	9.893043e-01 1.845859e+00 1.414052e+00	
4.189190e+05	6.500343e-01 1.889466e+00 1.414193e+00	
4.248822e+05	5.449609e-01 1.908461e+00 1.414109e+00	
4.285540e+05	8.397004e-01 1.631378e+00 1.414484e+00	
4.290087e+05	5.016988e-01 1.713129e+00 1.414029e+00	
4.299274e+05	7.992428e-01 1.874998e+00 1.414541e+00	
4.304505e+05	1.073737e+00 1.807802e+00 1.414631e+00	
4.320268e+05	6.416944e-01 1.581194e+00 1.414203e+00	
4.391088e+05	5.414777e-01 1.853803e+00 1.414294e+00	
4.418477e+05	4.697868e-01 1.283190e+00 1.414404e+00	
4.440144e+05	5.902459e-01 1.697675e+00 1.414251e+00	
4.499624e+05	8.460891e-01 1.917929e+00 1.414193e+00	
4.503529e+05	8.343160e-01 1.206191e+00 1.414079e+00	
4.507084e+05	5.365891e-01 1.949783e+00 1.414246e+00	
4.508315e+05	4.798393e-01 1.822830e+00 1.414414e+00	
4.522762e+05	7.503895e-01 1.504852e+00 1.414518e+00	
4.526374e+05	5.398378e-01 1.953317e+00 1.414249e+00	
4.547702e+05	6.671757e-01 1.617597e+00 1.414225e+00	
4.570102e+05	4.300737e-01 1.765976e+00 1.414159e+00	
4.578447e+05	6.468045e-01 1.558457e+00 1.414095e+00	
4.581715e+05	7.371883e-01 1.526909e+00 1.414232e+00	
4.583804e+05	5.283585e-01 1.818098e+00 1.413919e+00	
4.709907e+05	5.670764e-01 1.961735e+00 1.413984e+00	
4.712104e+05	4.621239e-01 1.757550e+00 1.414009e+00	
4.719921e+05	4.226661e-01 1.831485e+00 1.414157e+00	
4.736493e+05	1.365601e+00 1.643489e+00 1.414256e+00	
4.742534e+05	1.033091e+00 1.681772e+00 1.414145e+00	
4.764463e+05	4.638798e-01 1.877518e+00 1.414496e+00	
4.806166e+05	9.281546e-01 1.868813e+00 1.414391e+00	
4.823535e+05	5.030802e-01 1.789733e+00 1.414182e+00	
4.829602e+05	4.667201e-01 1.646369e+00 1.414177e+00	
4.930764e+05	4.064850e-01 1.800152e+00 1.414138e+00	
4.934466e+05	5.038205e-01 1.823347e+00 1.414194e+00	
4.942833e+05	5.714770e-01 1.101651e+00 1.414469e+00	
4.947228e+05	4.194684e-01 1.665979e+00 1.414220e+00	
4.947526e+05	4.356441e-01 1.580749e+00 1.414122e+00	
4.953784e+05	5.205857e-01 1.549716e+00 1.414273e+00	
4.963867e+05	1.145513e+00 1.840050e+00 1.414121e+00	
4.973883e+05	4.840595e-01 1.846351e+00 1.414216e+00	
4.980802e+05	8.005118e-01 1.940011e+00 1.414168e+00	
4.987011e+05	7.161054e-01 1.546746e+00 1.413998e+00	
5.167154e+05	4.145129e-01 1.789821e+00 1.414218e+00	
5.176383e+05	9.813984e-01 1.948488e+00 1.414255e+00	
5.178156e+05	1.106559e+00 1.802661e+00 1.414131e+00	
5.178211e+05	7.795253e-01 1.929157e+00 1.414144e+00	
5.188247e+05	5.201971e-01 1.924085e+00 1.414103e+00	
5.195790e+05	5.942920e-01 1.990496e+00 1.414101e+00	
5.200183e+05	6.699038e-01 1.151725e+00 1.413982e+00	
5.212978e+05	5.887955e-01 1.592964e+00 1.414544e+00	
5.219450e+05	4.340689e-01 1.848098e+00 1.414142e+00	
5.235530e+05	7.907821e-01 1.659224e+00 1.414022e+00	
5.252316e+05	5.069041e-01 1.799002e+00 1.413962e+00	
5.287622e+05	9.201310e-01 1.981571e+00 1.414355e+00	
5.377481e+05	1.042031e+00 1.706527e+00 1.413878e+00	
5.380401e+05	4.930149e-01 1.904769e+00 1.414514e+00	
5.395867e+05	5.167409e-01 1.901145e+00 1.414056e+00	
5.400355e+05	4.888245e-01 1.899163e+00 1.414344e+00	
5.417894e+05	5.951790e-01 1.556288e+00 1.414333e+00	
5.421856e+05	5.670115e-01 1.730386e+00 1.414248e+00	
5.443108e+05	7.183852e-01 1.789986e+00 1.414289e+00	
5.443248e+05	5.170453e-01 1.900490e+00 1.414232e+00	
5.458565e+05	8.594074e-01 1.753920e+00 1.414120e+00	
5.609499e+05	7.820737e-01 1.878348e+00 1.414512e+00	
5.611839e+05	1.244540e+00 1.798920e+00 1.414407e+00	
5.614662e+05	9.640256e-01 1.769708e+00 1.414136e+00	
5.625001e+05	7.075851e-01 1.744021e+00 1.414142e+00	
5.633291e+05	5.452377e-01 1.734941e+00 1.413990e+00	
5.645356e+05	5.882194e-01 1.203868e+00 1.413977e+00	
5.654046e+05	4.029264e-01 1.814778e+00 1.414564e+00	
5.658920e+05	5.928520e-01 1.195726e+00 1.414007e+00	
5.671668e+05	6.734704e-01 1.767526e+00 1.414472e+00	
5.719503e+05	4.595252e-01 1.776231e+00 1.414038e+00	
5.793606e+05	4.406283e-01 1.853286e+00 1.414119e+00	
5.797205e+05	1.277608e+00 1.701972e+00 1.414081e+00	
5.822433e+05	8.416875e-01 1.697707e+00 1.414150e+00	
5.830505e+05	6.272978e-01 1.736540e+00 1.414049e+00	
5.847368e+05	5.550970e-01 1.656360e+00 1.414469e+00	
5.853282e+05	7.360044e-01 1.382021e+00 1.413958e+00	
5.856223e+05	7.692809e-01 1.568490e+00 1.414175e+00	
5.873142e+05	4.119292e-01 1.067215e+00 1.414081e+00	
5.877250e+05	6.104628e-01 1.840884e+00 1.414276e+00	
5.881042e+05	1.264027e+00 1.741134e+00 1.413985e+00	
5.906169e+05	5.497080e-01 1.682453e+00 1.414277e+00	
6.055600e+05	4.944310e-01 1.900019e+00 1.414312e+00	
6.058925e+05	5.789137e-01 1.713061e+00 1.414043e+00	
6.064611e+05	4.725322e-01 1.885872e+00 1.414376e+00	
6.090137e+05	6.062546e-01 1.884549e+00 1.414181e+00	
6.107691e+05	6.440430e-01 1.528444e+00 1.414075e+00	
6.180038e+05	8.386944e-01 2.026343e+00 1.414209e+00	
6.200362e+05	6.733120e-01 1.639854e+00 1.414401e+00	
6.291630e+05	5.274410e-01 1.903785e+00 1.414049e+00	
6.291699e+05	9.131221e-01 1.662307e+00 1.414528e+00	
6.295966e+05	5.362822e-01 1.673294e+00 1.414411e+00	
6.301587e+05	7.422806e-01 1.753066e+00 1.414291e+00	
6.305009e+05	4.761301e-01 1.666468e+00 1.414435e+00	
6.383562e+05	6.509903e-01 1.837074e+00 1.414302e+00	
6.447176e+05	4.350037e-01 1.582674e+00 1.414631e+00	
6.509237e+05	7.823863e-01 1.704352e+00 1.414161e+00	
6.509379e+05	7.226143e-01 1.587949e+00 1.413995e+00	
6.511941e+05	1.359614e+00 1.750313e+00 1.414367e+00	
6.526731e+05	4.679551e-01 1.878637e+00 1.413950e+00	
6.528765e+05	1.193508e+00 1.729536e+00 1.413932e+00	
6.551652e+05	5.055853e-01 1.911212e+00 1.414262e+00	
6.596562e+05	5.925206e-01 1.992826e+00 1.414410e+00	
6.599415e+05	7.791012e-01 1.950480e+00 1.414479e+00	
6.606505e+05	7.288861e-01 1.915569e+00 1.414253e+00	
6.734988e+05	6.382809e-01 1.558177e+00 1.413985e+00	
6.738366e+05	4.165428e-01 1.005155e+00 1.414273e+00	
6.739666e+05	7.139476e-01 1.510138e+00 1.413949e+00	
6.752994e+05	4.425490e-01 1.856890e+00 1.414375e+00	
6.760628e+05	3.995540e-01 1.708606e+00 1.414004e+00	
6.763028e+05	7.364476e-01 2.002376e+00 1.414135e+00	
6.775661e+05	5.083738e-01 1.748233e+00 1.414182e+00	
6.776953e+05	8.058573e-01 1.987039e+00 1.414238e+00	
6.779420e+05	6.259461e-01 1.942675e+00 1.414260e+00	
6.798613e+05	6.263874e-01 1.838887e+00 1.414032e+00	
6.814450e+05	6.110878e-01 1.962040e+00 1.414318e+00	
6.946887e+05	5.097528e-01 1.508145e+00 1.414664e+00	
6.955879e+05	4.920822e-01 9.799412e-01 1.414174e+00	
6.959171e+05	1.110662e+00 1.643046e+00 1.414639e+00	
6.959863e+05	7.110424e-01 1.788031e+00 1.414052e+00	
6.975143e+05	9.140158e-01 1.703154e+00 1.414313e+00	
7.007634e+05	5.599938e-01 8.863377e-01 1.413901e+00	
7.020421e+05	1.427658e+00 1.787913e+00 1.414569e+00	
7.077467e+05	7.359865e-01 1.851294e+00 1.413846e+00	
7.089827e+05	7.674548e-01 1.645646e+00 1.414340e+00	
7.136429e+05	6.658949e-01 1.915877e+00 1.414326e+00	
7.168555e+05	8.308489e-01 1.837372e+00 1.414353e+00	
7.173294e+05	6.823489e-01 1.868404e+00 1.414063e+00	
7.200191e+05	4.067588e-01 1.690493e+00 1.414259e+00	
7.211858e+05	6.697942e-01 1.845531e+00 1.414132e+00	
7.214759e+05	6.360008e-01 1.396655e+00 1.414374e+00	
7.215763e+05	7.696595e-01 1.665307e+00 1.414170e+00	
7.216790e+05	5.995046e-01 1.945567e+00 1.414285e+00	
7.235522e+05	5.624949e-01 1.652998e+00 1.414421e+00	
7.237107e+05	5.418361e-01 1.606122e+00 1.414106e+00	
7.297377e+05	1.011542e+00 1.535086e+00 1.414186e+00	
7.303987e+05	8.837223e-01 1.928966e+00 1.414062e+00	
7.332206e+05	6.020975e-01 1.880224e+00 1.414267e+00	
7.335606e+05	6.013739e-01 1.581220e+00 1.414500e+00	
7.410102e+05	5.635950e-01 1.923080e+00 1.414304e+00	
1.571579e+03	8.293399e-01 1.778475e+00 1.413968e+00	
1.811210e+03	7.790540e-01 1.994071e+00 1.414262e+00	
2.316999e+03	5.093708e-01 1.872522e+00 1.414020e+00	
2.856144e+03	8.138276e-01 1.611333e+00 1.413903e+00	
3.010275e+03	4.539726e-01 1.867717e+00 1.413932e+00	
3.267927e+03	5.346352e-01 1.758995e+00 1.414123e+00	
4.647379e+03	6.500741e-01 1.761997e+00 1.414052e+00	
5.212934e+03	4.304487e-01 1.018478e+00 1.414002e+00	
5.647305e+03	6.193225e-01 1.669009e+00 1.414525e+00	
6.686350e+03	1.137359e+00 1.625368e+00 1.414320e+00	
6.690166e+03	6.111046e-01 2.018623e+00 1.414418e+00	
6.792612e+03	7.169666e-01 1.891863e+00 1.414243e+00	
7.347128e+03	7.780774e-01 1.993928e+00 1.414043e+00	
7.495726e+03	6.597639e-01 1.942254e+00 1.414008e+00	
8.388360e+03	8.165800e-01 1.465850e+00 1.414674e+00	
1.035234e+04	5.259088e-01 1.842516e+00 1.414131e+00	
1.376305e+04	4.446551e-01 1.836209e+00 1.414154e+00	
1.406473e+04	1.115703e+00 1.856282e+00 1.413980e+00	
2.546166e+04	8.235147e-01 1.582907e+00 1.414656e+00	
2.638097e+04	5.720344e-01 1.636383e+00 1.413992e+00	
2.697733e+04	5.774707e-01 1.986192e+00 1.413920e+00	
2.704112e+04	4.242476e-01 1.802437e+00 1.413927e+00	
2.757591e+04	7.667194e-01 1.829407e+00 1.414414e+00	
2.770096e+04	6.957786e-01 1.726802e+00 1.414335e+00	
2.917695e+04	5.530130e-01 1.964246e+00 1.414221e+00	
2.953530e+04	4.943829e-01 1.271916e+00 1.414561e+00	
2.977497e+04	7.675676e-01 1.420169e+00 1.414526e+00	
3.022172e+04	5.336140e-01 1.825301e+00 1.414159e+00	
3.070756e+04	5.845122e-01 1.981889e+00 1.414213e+00	
3.231261e+04	5.228757e-01 1.911588e+00 1.414404e+00	
3.468596e+04	4.451621e-01 1.831364e+00 1.414074e+00	
4.495736e+04	6.761512e-01 1.967065e+00 1.414015e+00	
4.587924e+04	5.412464e-01 1.882001e+00 1.414255e+00	
4.589676e+04	6.175942e-01 1.929602e+00 1.413965e+00	
4.665480e+04	6.290340e-01 1.996160e+00 1.414287e+00	
4.886596e+04	5.333100e-01 1.929939e+00 1.414060e+00	
4.933623e+04	8.674401e-01 1.721924e+00 1.413943e+00	
5.177438e+04	1.179591e+00 1.851765e+00 1.413961e+00	
5.210851e+04	9.398454e-01 1.795276e+00 1.414232e+00	
5.246745e+04	6.248786e-01 2.030884e+00 1.414042e+00	
5.513621e+04	9.481170e-01 1.540455e+00 1.414355e+00	
5.729477e+04	4.688928e-01 1.865086e+00 1.414078e+00	
5.805176e+04	4.619989e-01 1.596086e+00 1.414062e+00	
5.806693e+04	5.046226e-01 1.595425e+00 1.414332e+00	
6.463081e+04	1.096983e+00 1.601976e+00 1.414165e+00	
6.890014e+04	9.900218e-01 1.874739e+00 1.414406e+00	
6.924315e+04	6.895078e-01 1.869468e+00 1.414204e+00	
6.995408e+04	8.773665e-01 1.846873e+00 1.413962e+00	
7.036478e+04	8.461709e-01 1.944625e+00 1.414109e+00	
7.132820e+04	4.745984e-01 1.398680e+00 1.414167e+00	
7.140499e+04	7.053245e-01 1.779893e+00 1.414213e+00	
7.325025e+04	1.035918e+00 1.657184e+00 1.414067e+00	
7.548971e+04	1.524290e+00 1.891004e+00 1.413983e+00	
7.802906e+04	4.982756e-01 1.360369e+00 1.414166e+00	
7.921006e+04	5.446378e-01 1.895964e+00 1.414296e+00	
8.020623e+04	5.622974e-01 1.914188e+00 1.414056e+00	
8.275773e+04	6.829684e-01 1.747635e+00 1.414226e+00	
9.037656e+04	7.292229e-01 1.840105e+00 1.413790e+00	
9.079858e+04	5.109126e-01 1.837115e+00 1.414280e+00	
9.193969e+04	8.949873e-01 1.725800e+00 1.413916e+00	
9.219407e+04	4.883910e-01 1.890766e+00 1.413933e+00	
9.256148e+04	5.792618e-01 1.949017e+00 1.413940e+00	
9.270018e+04	4.947628e-01 1.901862e+00 1.414412e+00	
9.310113e+04	1.136170e+00 1.683717e+00 1.414297e+00	
9.514417e+04	5.712261e-01 1.517110e+00 1.414084e+00	
9.740822e+04	6.730979e-01 1.804084e+00 1.414361e+00	
9.870236e+04	7.668703e-01 1.868489e+00 1.414260e+00	
9.913517e+04	6.249072e-01 1.700986e+00 1.414145e+00	
1.026645e+05	6.695042e-01 1.965774e+00 1.414416e+00	
1.031175e+05	6.378211e-01 1.638570e+00 1.414084e+00	
1.035447e+05	1.034051e+00 2.010983e+00 1.414211e+00	
1.132056e+05	7.611341e-01 1.964556e+00 1.414362e+00	
1.140940e+05	9.189010e-01 1.754406e+00 1.414197e+00	
1.143192e+05	6.237869e-01 1.974036e+00 1.414374e+00	
1.144521e+05	6.021587e-01 1.369918e+00 1.413890e+00	
1.156573e+05	6.684740e-01 1.975649e+00 1.414019e+00	
1.199574e+05	9.684996e-01 1.820642e+00 1.414482e+00	
1.211753e+05	6.747332e-01 1.605509e+00 1.414327e+00	
1.360741e+05	6.940800e-01 1.970354e+00 1.414210e+00	
1.371391e+05	8.679802e-01 1.678042e+00 1.414347e+00	
1.385957e+05	7.723298e-01 1.856506e+00 1.414283e+00	
1.414916e+05	6.055336e-01 1.736141e+00 1.414311e+00	
1.417394e+05	9.781521e-01 1.674392e+00 1.414328e+00	
1.474862e+05	6.770036e-01 1.398731e+00 1.414174e+00	
1.520679e+05	6.880458e-01 1.898553e+00 1.414054e+00	
1.536711e+05	4.425403e-01 1.714362e+00 1.414560e+00	
1.579224e+05	7.336479e-01 1.896799e+00 1.414393e+00	
1.584464e+05	6.018852e-01 1.918746e+00 1.414124e+00	
1.586833e+05	1.002884e+00 1.772417e+00 1.413931e+00	
1.586862e+05	6.138741e-01 1.529234e+00 1.413950e+00	
1.598046e+05	1.140340e+00 1.718732e+00 1.414022e+00	
1.606483e+05	4.895762e-01 1.892020e+00 1.413950e+00	
1.610170e+05	5.857962e-01 1.611299e+00 1.414191e+00	
1.627770e+05	7.206260e-01 1.861293e+00 1.414011e+00	
1.632509e+05	5.686832e-01 1.847981e+00 1.414028e+00	
1.644182e+05	4.244020e-01 1.835499e+00 1.414398e+00	
1.645286e+05	1.063450e+00 1.878139e+00 1.414098e+00	
1.689891e+05	6.722801e-01 1.858099e+00 1.414277e+00	
1.691577e+05	4.975067e-01 1.683063e+00 1.414298e+00	
1.800077e+05	5.336867e-01 1.848277e+00 1.414128e+00	
1.803389e+05	4.735785e-01 1.675715e+00 1.413998e+00	
1.805776e+05	6.104529e-01 1.666186e+00 1.414061e+00	
1.813028e+05	1.180835e+00 1.885564e+00 1.414498e+00	
1.814092e+05	5.065621e-01 1.914332e+00 1.414317e+00	
1.821672e+05	4.341599e-01 1.811379e+00 1.413900e+00	
1.822938e+05	4.732501e-01 1.466602e+00 1.414597e+00	
1.831249e+05	5.307723e-01 1.885288e+00 1.413839e+00	
1.842064e+05	1.141016e+00 1.766372e+00 1.413904e+00	
1.881792e+05	7.037913e-01 1.862860e+00 1.413892e+00	
1.965093e+05	6.147614e-01 9.335263e-01 1.414542e+00	
1.976710e+05	4.048151e-01 1.459634e+00 1.413879e+00	
2.033696e+05	5.283467e-01 1.667098e+00 1.414114e+00	
2.034537e+05	6.644340e-01 1.298890e+00 1.414363e+00	
2.047134e+05	5.956489e-01 1.576815e+00 1.414164e+00	
2.056646e+05	6.062786e-01 1.915012e+00 1.414197e+00	
2.088550e+05	4.469687e-01 1.840646e+00 1.414357e+00	
2.118784e+05	6.984477e-01 1.979947e+00 1.414200e+00	
2.118958e+05	6.616311e-01 1.976580e+00 1.414466e+00	
2.128947e+05	4.294649e-01 1.698843e+00 1.414228e+00	
2.129085e+05	7.649818e-01 1.842194e+00 1.414168e+00	
2.248523e+05	4.723201e-01 1.885726e+00 1.414296e+00	
2.266432e+05	9.106611e-01 1.886059e+00 1.414361e+00	
2.272949e+05	6.896875e-01 1.699704e+00 1.414142e+00	
2.273620e+05	4.246815e-01 1.832647e+00 1.414210e+00	
2.278471e+05	5.889727e-01 1.542986e+00 1.414153e+00	
2.323171e+05	6.921078e-01 1.836970e+00 1.414130e+00	
2.333072e+05	7.468555e-01 1.771474e+00 1.414207e+00	
2.335555e+05	5.686308e-01 1.620952e+00 1.414163e+00	
2.357957e+05	5.379239e-01 1.922197e+00 1.413931e+00	
2.365882e+05	4.615410e-01 1.868987e+00 1.414256e+00	
2.372089e+05	5.479692e-01 1.892346e+00 1.414409e+00	
2.382825e+05	6.180597e-01 1.689784e+00 1.414186e+00	
2.414414e+05	6.314874e-01 1.367177e+00 1.414452e+00	
2.433192e+05	1.184101e+00 2.041060e+00 1.413933e+00	
2.490077e+05	7.308235e-01 1.600579e+00 1.414057e+00	
2.493009e+05	6.399746e-01 1.963368e+00 1.414107e+00	
2.495812e+05	5.578908e-01 1.343080e+00 1.414310e+00	
2.498916e+05	4.577612e-01 1.870865e+00 1.414267e+00	
2.511534e+05	6.214036e-01 1.291590e+00 1.413967e+00	
2.518004e+05	1.058544e+00 1.840853e+00 1.414162e+00	
2.522855e+05	5.620687e-01 1.971372e+00 1.414216e+00	
2.524106e+05	1.211338e+00 1.790845e+00 1.414515e+00	
2.526460e+05	4.378262e-01 1.837539e+00 1.414431e+00	
2.538727e+05	8.441256e-01 1.567381e+00 1.414082e+00	
2.540847e+05	4.731368e-01 1.547026e+00 1.414122e+00	
2.585941e+05	6.182474e-01 1.668159e+00 1.414310e+00	
2.613806e+05	1.048123e+00 1.838347e+00 1.414535e+00	
2.614867e+05	6.515404e-01 1.599355e+00 1.414100e+00	
2.685939e+05	6.167637e-01 2.026907e+00 1.413881e+00	
2.698142e+05	8.089297e-01 1.772690e+00 1.414530e+00	
2.707358e+05	4.420793e-01 1.856199e+00 1.414165e+00	
2.707941e+05	6.389630e-01 1.739531e+00 1.414188e+00	
2.735645e+05	4.547672e-01 1.111571e+00 1.414145e+00	
2.737817e+05	6.438109e-01 1.758481e+00 1.414126e+00	
2.743506e+05	6.791808e-01 1.792329e+00 1.414108e+00	
2.750855e+05	5.750903e-01 1.902847e+00 1.413970e+00	
2.763468e+05	6.417789e-01 2.036397e+00 1.414273e+00	
2.910935e+05	6.907250e-01 1.781275e+00 1.414352e+00	
2.926709e+05	4.800051e-01 1.764903e+00 1.414028e+00	
2.933103e+05	7.068953e-01 1.759426e+00 1.413996e+00	
2.963880e+05	5.707521e-01 1.591253e+00 1.414025e+00	
2.998648e+05	8.230171e-01 1.545067e+00 1.414183e+00	
3.000352e+05	3.989361e-01 1.810038e+00 1.414150e+00	
3.016736e+05	6.496189e-01 1.919999e+00 1.413923e+00	
3.036282e+05	1.158324e+00 1.950429e+00 1.414331e+00	
3.057600e+05	6.288797e-01 1.956910e+00 1.414181e+00	
3.073088e+05	5.596770e-01 1.866456e+00 1.413962e+00	
3.149679e+05	4.689322e-01 1.881677e+00 1.414176e+00	
3.153582e+05	4.856239e-01 1.798040e+00 1.414388e+00	
3.164912e+05	6.537467e-01 1.952301e+00 1.414012e+00	
3.165541e+05	5.570760e-01 1.959565e+00 1.414222e+00	
3.169244e+05	4.246425e-01 1.636745e+00 1.414387e+00	
3.185710e+05	6.871548e-01 1.871584e+00 1.414266e+00	
3.188416e+05	5.061893e-01 1.865424e+00 1.414206e+00	
3.197417e+05	4.414996e-01 1.849404e+00 1.414092e+00	
3.210978e+05	8.986591e-01 1.799845e+00 1.414114e+00	
3.212433e+05	5.795418e-01 1.993719e+00 1.414340e+00	
3.266616e+05	4.661871e-01 1.847536e+00 1.414163e+00	
3.309969e+05	5.590764e-01 1.780074e+00 1.414118e+00	
3.345852e+05	5.007755e-01 1.104507e+00 1.414214e+00	
3.369532e+05	5.892633e-01 1.741121e+00 1.414371e+00	
3.378338e+05	7.138321e-01 1.858841e+00 1.414135e+00	
3.380807e+05	6.008672e-01 1.897077e+00 1.414387e+00	
3.385117e+05	5.668027e-01 1.722266e+00 1.414157e+00	
3.386575e+05	4.417817e-01 1.769953e+00 1.414211e+00	
3.388528e+05	3.772753e-01 1.790329e+00 1.414345e+00	
3.400679e+05	7.579098e-01 1.725332e+00 1.414331e+00	
3.404716e+05	6.469402e-01 1.945517e+00 1.414075e+00	
3.418861e+05	5.384052e-01 1.938650e+00 1.414413e+00	
3.539453e+05	4.596018e-01 1.699319e+00 1.414179e+00	
3.601806e+05	6.553847e-01 1.779134e+00 1.414515e+00	
3.608704e+05	5.354584e-01 1.310034e+00 1.414028e+00	
3.640923e+05	4.670914e-01 1.812436e+00 1.414735e+00	
3.652249e+05	9.793518e-01 1.588351e+00 1.414557e+00	
3.675340e+05	5.071268e-01 1.919861e+00 1.414242e+00	
3.685855e+05	6.047577e-01 1.190775e+00 1.414572e+00	
3.703854e+05	6.021558e-01 1.808281e+00 1.414488e+00	
3.720597e+05	7.241378e-01 1.826495e+00 1.413878e+00	
3.794078e+05	9.357656e-01 1.733914e+00 1.414093e+00	
3.816418e+05	5.445344e-01 1.949017e+00 1.414154e+00	
3.824080e+05	9.795909e-01 1.693462e+00 1.413885e+00	
3.827457e+05	5.717867e-01 1.930560e+00 1.413901e+00	
3.835736e+05	4.399785e-01 1.852698e+00 1.414210e+00	
3.838075e+05	8.181515e-01 1.765551e+00 1.413979e+00	
3.846467e+05	8.622532e-01 1.892329e+00 1.414017e+00	
3.852259e+05	6.103807e-01 1.459768e+00 1.414504e+00	
3.852775e+05	1.453834e+00 1.924283e+00 1.414249e+00	
3.865650e+05	4.243850e-01 1.626301e+00 1.414159e+00	
3.891205e+05	4.524887e-01 1.835521e+00 1.414295e+00	
3.902086e+05	5.098139e-01 1.905157e+00 1.414392e+00	
3.940701e+05	5.358805e-01 1.853904e+00 1.414319e+00	
4.030696e+05	5.635768e-01 1.837294e+00 1.414063e+00	
4.033072e+05	4.718083e-01 1.859366e+00 1.414193e+00	
4.043634e+05	4.320462e-01 1.170215e+00 1.414140e+00	
4.070942e+05	8.480998e-01 1.918608e+00 1.414090e+00	
4.071511e+05	1.418127e+00 1.754505e+00 1.414089e+00	
4.075974e+05	1.308469e+00 1.879210e+00 1.414058e+00	
4.081010e+05	8.460463e-01 1.966452e+00 1.414072e+00	
4.085686e+05	6.730119e-01 1.414320e+00 1.414024e+00	
4.121112e+05	9.019817e-01 1.864595e+00 1.414163e+00	
4.126959e+05	6.328859e-01 1.775773e+00 1.414469e+00	
4.129740e+05	5.748668e-01 1.609058e+00 1.414217e+00	
4.190294e+05	6.467488e-01 1.899709e+00 1.414196e+00	
4.252586e+05	6.787452e-01 1.821931e+00 1.414077e+00	
4.260583e+05	5.501948e-01 1.169031e+00 1.414558e+00	
4.264595e+05	4.463030e-01 1.848233e+00 1.414294e+00	
4.273842e+05	4.883147e-01 1.884709e+00 1.414465e+00	
4.321341e+05	4.956755e-01 1.828946e+00 1.414222e+00	
4.334630e+05	8.543980e-01 1.892158e+00 1.414470e+00	
4.340452e+05	6.512327e-01 1.855938e+00 1.414263e+00	
4.382924e+05	5.012119e-01 1.660036e+00 1.413753e+00	
4.468355e+05	6.781350e-01 1.644508e+00 1.414049e+00	
4.485158e+05	5.768756e-01 1.952540e+00 1.414040e+00	
4.486676e+05	9.172127e-01 1.776147e+00 1.413882e+00	
4.494611e+05	6.198260e-01 1.938847e+00 1.414127e+00	
4.494915e+05	5.370453e-01 1.799631e+00 1.414087e+00	
4.503860e+05	4.285451e-01 1.841419e+00 1.414099e+00	
4.515488e+05	1.161045e+00 1.910292e+00 1.414609e+00	
4.520888e+05	7.348955e-01 1.743247e+00 1.414279e+00	
4.532627e+05	5.839536e-01 1.774536e+00 1.414594e+00	
4.573994e+05	5.961651e-01 1.897132e+00 1.414245e+00	
4.596423e+05	1.124047e+00 1.823454e+00 1.414395e+00	
4.607076e+05	5.805790e-01 1.989912e+00 1.414430e+00	
4.628018e+05	5.125019e-01 1.869237e+00 1.414421e+00	
4.628348e+05	7.930083e-01 1.725706e+00 1.413940e+00	
4.642437e+05	1.022462e+00 1.702729e+00 1.414467e+00	
4.647577e+05	5.480518e-01 1.959220e+00 1.414101e+00	
4.728585e+05	7.117093e-01 2.025554e+00 1.414150e+00	
4.732668e+05	1.096842e+00 1.876400e+00 1.414161e+00	
4.740831e+05	6.071205e-01 1.982820e+00 1.413938e+00	
4.741071e+05	7.032355e-01 1.821277e+00 1.414191e+00	
4.743633e+05	5.702469e-01 1.262705e+00 1.413986e+00	
4.745285e+05	6.599764e-01 1.888243e+00 1.414215e+00	
4.750045e+05	4.100439e-01 1.783733e+00 1.414391e+00	
4.758459e+05	5.891900e-01 1.688647e+00 1.414204e+00	
4.761838e+05	5.538130e-01 1.764119e+00 1.414367e+00	
4.764371e+05	7.274766e-01 1.454253e+00 1.414079e+00	
4.766563e+05	1.158065e+00 1.724927e+00 1.414125e+00	
4.787765e+05	9.580132e-01 1.717010e+00 1.414175e+00	
4.815492e+05	9.481668e-01 1.718962e+00 1.414146e+00	
4.851523e+05	5.459085e-01 1.525218e+00 1.414062e+00	
4.924771e+05	7.697507e-01 1.898588e+00 1.414263e+00	
4.934316e+05	5.993897e-01 1.752446e+00 1.414063e+00	
4.935010e+05	5.769341e-01 1.842926e+00 1.414468e+00	
4.938885e+05	4.391982e-01 1.250758e+00 1.414370e+00	
4.946918e+05	5.192819e-01 1.914758e+00 1.414152e+00	
4.950444e+05	6.343222e-01 1.802797e+00 1.414368e+00	
4.963921e+05	9.890034e-01 1.496318e+00 1.414267e+00	
4.973479e+05	6.914062e-01 1.468400e+00 1.413975e+00	
4.977123e+05	7.795323e-01 2.082514e+00 1.414490e+00	
4.985926e+05	6.281498e-01 1.978316e+00 1.414293e+00	
5.037179e+05	5.692509e-01 1.980411e+00 1.413995e+00	
5.113651e+05	6.872307e-01 1.822015e+00 1.414165e+00	
5.134196e+05	1.147245e+00 1.789414e+00 1.414035e+00	
5.171369e+05	1.171687e+00 1.855894e+00 1.414137e+00	
5.177761e+05	4.296117e-01 1.736778e+00 1.413899e+00	
5.182686e+05	5.734663e-01 1.499429e+00 1.414390e+00	
5.191812e+05	5.066363e-01 1.598480e+00 1.413799e+00	
5.201176e+05	8.006037e-01 1.851374e+00 1.414588e+00	
5.203497e+05	6.385197e-01 1.826536e+00 1.413969e+00	
5.210351e+05	6.017303e-01 1.562493e+00 1.414318e+00	
5.229661e+05	7.226788e-01 1.962090e+00 1.414180e+00	
5.280069e+05	1.055081e+00 1.611485e+00 1.414373e+00	
5.346140e+05	8.787545e-01 1.714945e+00 1.414199e+00	
5.382573e+05	5.321328e-01 1.536315e+00 1.414282e+00	
5.390124e+05	7.183048e-01 1.804903e+00 1.414306e+00	
5.395099e+05	8.571516e-01 1.623261e+00 1.414261e+00	
5.500068e+05	1.358684e+00 1.882992e+00 1.414588e+00	
5.509418e+05	4.982502e-01 1.439907e+00 1.414667e+00	
5.540928e+05	5.434284e-01 1.908957e+00 1.414121e+00	
5.541899e+05	1.016540e+00 1.875708e+00 1.414031e+00	
5.561833e+05	1.030160e+00 1.592696e+00 1.414521e+00	
5.596833e+05	7.411524e-01 1.821352e+00 1.413962e+00	
5.622887e+05	4.226773e-01 1.298437e+00 1.414093e+00	
5.639591e+05	8.967883e-01 1.332415e+00 1.414393e+00	
5.648642e+05	3.812607e-01 1.630328e+00 1.414230e+00	
5.649126e+05	7.207648e-01 1.549087e+00 1.414495e+00	
5.656057e+05	6.490028e-01 1.604917e+00 1.414445e+00	
5.658644e+05	1.097623e+00 1.586553e+00 1.414516e+00	
5.677940e+05	4.831666e-01 1.890501e+00 1.414065e+00	
5.755026e+05	1.061424e+00 1.591952e+00 1.414075e+00	
5.812199e+05	5.947776e-01 1.800461e+00 1.414352e+00	
5.848782e+05	7.016864e-01 1.495641e+00 1.414079e+00	
5.852093e+05	9.174923e-01 1.887523e+00 1.414082e+00	
5.872244e+05	8.683706e-01 1.465228e+00 1.414394e+00	
5.873416e+05	5.119174e-01 1.906933e+00 1.414079e+00	
5.877386e+05	7.454727e-01 1.793840e+00 1.414328e+00	
5.877891e+05	7.108664e-01 1.699903e+00 1.414174e+00	
5.895137e+05	6.285290e-01 2.041135e+00 1.414273e+00	
5.912505e+05	5.216801e-01 9.821969e-01 1.414126e+00	
5.923188e+05	3.917515e-01 1.185210e+00 1.414033e+00	
5.952149e+05	6.124454e-01 1.988244e+00 1.414326e+00	
5.983420e+05	7.029011e-01 1.858047e+00 1.414283e+00	
6.059250e+05	8.006254e-01 1.833497e+00 1.414414e+00	
6.067865e+05	4.966243e-01 1.418802e+00 1.414305e+00	
6.070823e+05	6.211297e-01 1.682260e+00 1.414093e+00	
6.073118e+05	6.889173e-01 1.917020e+00 1.414198e+00	
6.078574e+05	5.194553e-01 1.890206e+00 1.414197e+00	
6.080400e+05	4.610579e-01 1.291627e+00 1.414113e+00	
6.089930e+05	6.422814e-01 1.965487e+00 1.414403e+00	
6.103487e+05	4.773385e-01 1.861331e+00 1.414515e+00	
6.111251e+05	4.360823e-01 1.669797e+00 1.414189e+00	
6.134917e+05	9.406233e-01 1.947599e+00 1.414185e+00	
6.185138e+05	6.169557e-01 1.920382e+00 1.414178e+00	
6.287540e+05	4.580462e-01 1.851104e+00 1.414210e+00	
6.326789e+05	1.269589e+00 1.772610e+00 1.414449e+00	
6.335126e+05	1.101480e+00 1.931071e+00 1.414081e+00	
6.339931e+05	8.191945e-01 1.658781e+00 1.414455e+00	
6.345915e+05	6.183007e-01 1.723836e+00 1.413832e+00	
6.372030e+05	1.090637e+00 1.909740e+00 1.414605e+00	
6.408885e+05	6.460644e-01 1.719147e+00 1.413806e+00	
6.420621e+05	5.880324e-01 1.813784e+00 1.414497e+00	
6.434512e+05	1.105487e+00 1.751824e+00 1.414023e+00	
6.506392e+05	1.063867e+00 1.622631e+00 1.414534e+00	
6.514341e+05	8.227079e-01 1.887532e+00 1.414110e+00	
6.541932e+05	7.332843e-01 1.929106e+00 1.414238e+00	
6.543622e+05	5.637226e-01 1.805692e+00 1.414432e+00	
6.545315e+05	7.620769e-01 1.399123e+00 1.414341e+00	
6.575551e+05	7.399530e-01 1.668471e+00 1.414220e+00	
6.587360e+05	6.804800e-01 1.736868e+00 1.414096e+00	
6.614464e+05	5.035381e-01 1.907036e+00 1.414496e+00	
6.626264e+05	4.879399e-01 1.864347e+00 1.414270e+00	
6.722029e+05	5.648495e-01 1.922873e+00 1.413971e+00	
6.724464e+05	4.828889e-01 1.792406e+00 1.414290e+00	
6.726837e+05	6.597267e-01 1.891421e+00 1.414095e+00	
6.734625e+05	4.822937e-01 1.842332e+00 1.414312e+00	
6.737417e+05	7.495173e-01 1.771400e+00 1.414357e+00	
6.741934e+05	6.316218e-01 1.727674e+00 1.414038e+00	
6.743477e+05	9.360150e-01 1.611545e+00 1.414447e+00	
6.754946e+05	8.323004e-01 1.612955e+00 1.414065e+00	
6.758584e+05	6.828429e-01 1.649175e+00 1.414369e+00	
6.761112e+05	1.108086e+00 1.804985e+00 1.414411e+00	
6.773015e+05	7.464950e-01 1.576081e+00 1.414461e+00	
6.802000e+05	7.956714e-01 1.790614e+00 1.414219e+00	
6.838925e+05	1.284704e+00 1.782220e+00 1.414216e+00	
6.927338e+05	5.266789e-01 1.635663e+00 1.414419e+00	
6.944811e+05	5.011294e-01 1.808094e+00 1.414237e+00	
6.948429e+05	7.366218e-01 1.754609e+00 1.414426e+00	
6.948924e+05	6.765693e-01 1.812531e+00 1.414376e+00	
6.968074e+05	8.509012e-01 1.652803e+00 1.414489e+00	
6.974077e+05	5.642972e-01 1.646650e+00 1.414315e+00	
6.975547e+05	5.065649e-01 1.707731e+00 1.414397e+00	
6.979425e+05	5.280290e-01 1.940676e+00 1.414316e+00	
6.992578e+05	6.361256e-01 1.981727e+00 1.413996e+00	
7.020480e+05	7.638304e-01 1.794380e+00 1.414018e+00	
7.027020e+05	6.280819e-01 1.873947e+00 1.413871e+00	
7.028506e+05	1.090413e+00 1.395700e+00 1.414322e+00	
7.061002e+05	5.026847e-01 1.844402e+00 1.414558e+00	
7.176024e+05	7.230749e-01 1.727637e+00 1.414150e+00	
7.195481e+05	5.315245e-01 1.921606e+00 1.414573e+00	
7.216928e+05	4.823033e-01 1.471919e+00 1.414333e+00	
7.225580e+05	9.855621e-01 1.895235e+00 1.413985e+00	
7.226068e+05	5.023907e-01 1.729765e+00 1.414212e+00	
7.227058e+05	6.945869e-01 1.779584e+00 1.413898e+00	
7.254099e+05	4.650219e-01 1.656904e+00 1.414605e+00	
7.317427e+05	7.433664e-01 8.193401e-01 1.414399e+00	
7.405658e+05	6.642184e-01 1.883077e+00 1.414353e+00	
7.407889e+05	8.397534e-01 1.458826e+00 1.414152e+00	
7.409511e+05	6.482122e-01 2.007084e+00 1.414632e+00	
7.411590e+05	5.375818e-01 1.505906e+00 1.414382e+00	
7.420845e+05	5.994945e-01 1.882045e+00 1.414202e+00	
7.436031e+05	6.047785e-01 1.696123e+00 1.414533e+00	
7.436183e+05	6.411451e-01 1.776570e+00 1.414127e+00	
7.436498e+05	6.907704e-01 1.926319e+00 1.414523e+00	
7.445526e+05	7.350784e-01 1.720950e+00 1.414038e+00	
7.467411e+05	5.871027e-01 1.971052e+00 1.414204e+00	
7.471399e+05	4.752722e-01 1.824719e+00 1.414231e+00	
7.479599e+05	4.402996e-01 1.526252e+00 1.414462e+00	
7.536203e+05	5.084609e-01 1.922321e+00 1.414332e+00	
1.723124e+03	9.966306e-01 1.672457e+00 1.414461e+00	
2.420550e+03	5.114694e-01 1.865653e+00 1.414155e+00	
2.949220e+03	5.813408e-01 1.832830e+00 1.414139e+00	
3.326088e+03	8.222880e-01 1.119230e+00 1.414281e+00	
3.571574e+03	4.734771e-01 1.885392e+00 1.414045e+00	
3.922668e+03	5.555889e-01 1.969704e+00 1.414241e+00	
3.994638e+03	4.641727e-01 1.878434e+00 1.414399e+00	
4.535494e+03	4.308395e-01 1.070370e+00 1.414176e+00	
5.578106e+03	8.370603e-01 1.607685e+00 1.413938e+00	
5.811982e+03	1.150717e+00 1.836251e+00 1.413815e+00	
8.310604e+03	5.911426e-01 1.997633e+00 1.414474e+00	
8.916100e+03	6.023135e-01 1.726433e+00 1.414372e+00	
9.590328e+03	8.834306e-01 1.571081e+00 1.414349e+00	
2.394245e+04	8.057141e-01 1.799020e+00 1.414193e+00	
2.648502e+04	5.518041e-01 1.826376e+00 1.414403e+00	
2.833775e+04	4.841172e-01 1.807786e+00 1.414275e+00	
2.841627e+04	1.144085e+00 1.753436e+00 1.414030e+00	
2.854478e+04	5.692194e-01 1.482653e+00 1.414325e+00	
2.875633e+04	7.434755e-01 1.794396e+00 1.414200e+00	
2.897121e+04	1.116486e+00 1.623515e+00 1.413899e+00	
3.226829e+04	7.988882e-01 1.804811e+00 1.414344e+00	
4.597316e+04	6.172323e-01 1.910310e+00 1.414198e+00	
4.792351e+04	9.081001e-01 1.898350e+00 1.414185e+00	
4.871022e+04	1.025785e+00 1.518703e+00 1.414097e+00	
4.919642e+04	7.620520e-01 1.844433e+00 1.414506e+00	
4.968477e+04	5.710997e-01 1.864407e+00 1.413894e+00	
5.006696e+04	6.069842e-01 1.721170e+00 1.414299e+00	
5.059220e+04	7.851814e-01 1.664500e+00 1.414171e+00	
5.061658e+04	6.068392e-01 1.955185e+00 1.413999e+00	
5.070336e+04	6.745470e-01 1.823594e+00 1.414467e+00	
5.202224e+04	8.006514e-01 1.797974e+00 1.414270e+00	
5.417925e+04	6.188628e-01 1.383428e+00 1.414218e+00	
5.448035e+04	6.630137e-01 1.814678e+00 1.414044e+00	
5.492307e+04	7.414654e-01 1.731107e+00 1.413987e+00	
5.672090e+04	5.023964e-01 1.827438e+00 1.414141e+00	
5.927364e+04	5.702833e-01 1.965097e+00 1.414117e+00	
6.016607e+04	4.329120e-01 1.836257e+00 1.414208e+00	
6.876777e+04	6.816421e-01 1.782687e+00 1.414469e+00	
7.010622e+04	5.275075e-01 1.849914e+00 1.414151e+00	
7.097063e+04	5.954282e-01 1.764027e+00 1.414207e+00	
7.166107e+04	7.061684e-01 1.980179e+00 1.414150e+00	
7.199775e+04	5.277324e-01 1.941912e+00 1.414196e+00	
7.326288e+04	6.708366e-01 1.984285e+00 1.413965e+00	
7.344064e+04	6.529270e-01 1.935767e+00 1.414259e+00	
7.468518e+04	6.178711e-01 1.914020e+00 1.414152e+00	
7.788823e+04	7.231245e-01 1.907269e+00 1.414138e+00	
8.460201e+04	5.910959e-01 2.004488e+00 1.414571e+00	
9.063480e+04	6.212256e-01 1.713461e+00 1.414666e+00	
9.108914e+04	7.787234e-01 1.646682e+00 1.414186e+00	
9.146517e+04	4.612443e-01 1.871252e+00 1.414420e+00	
9.169399e+04	6.833265e-01 1.593896e+00 1.413921e+00	
9.244223e+04	4.471707e-01 1.834064e+00 1.414217e+00	
9.341171e+04	5.203692e-01 1.902982e+00 1.414001e+00	
9.343750e+04	8.225119e-01 1.540585e+00 1.413986e+00	
9.383144e+04	6.244739e-01 1.744355e+00 1.414395e+00	
9.407529e+04	8.950126e-01 1.572348e+00 1.413842e+00	
9.443067e+04	7.713879e-01 1.874054e+00 1.413966e+00	
9.453457e+04	6.433106e-01 1.774921e+00 1.414042e+00	
9.505659e+04	5.185037e-01 1.873160e+00 1.414068e+00	
9.512397e+04	8.613929e-01 1.719559e+00 1.414091e+00	
9.581602e+04	5.684089e-01 1.868053e+00 1.414340e+00	
9.581653e+04	1.003541e+00 1.895209e+00 1.413848e+00	
1.007281e+05	1.215788e+00 1.747434e+00 1.414356e+00	
1.009421e+05	7.532514e-01 1.688837e+00 1.414661e+00	
1.063429e+05	5.027326e-01 1.872676e+00 1.414355e+00	
1.131216e+05	5.348150e-01 1.629330e+00 1.414389e+00	
1.136064e+05	6.008733e-01 1.712906e+00 1.413918e+00	
1.137644e+05	5.044814e-01 1.825825e+00 1.414443e+00	
1.144465e+05	4.319252e-01 1.724651e+00 1.414107e+00	
1.150703e+05	5.048737e-01 1.873006e+00 1.414276e+00	
1.161896e+05	1.003785e+00 1.768088e+00 1.414029e+00	
1.168617e+05	4.715060e-01 1.688038e+00 1.414094e+00	
1.169586e+05	5.460179e-01 1.888016e+00 1.413960e+00	
1.191866e+05	4.569257e-01 1.870326e+00 1.414167e+00	
1.192645e+05	5.213629e-01 1.404097e+00 1.414143e+00	
1.201009e+05	5.600921e-01 1.925188e+00 1.414238e+00	
1.271763e+05	4.378776e-01 1.809803e+00 1.414180e+00	
1.287914e+05	4.716198e-01 1.694390e+00 1.414015e+00	
1.304287e+05	6.671610e-01 1.595689e+00 1.414106e+00	
1.381390e+05	5.255045e-01 1.732950e+00 1.414200e+00	
1.384987e+05	4.614157e-01 1.559801e+00 1.414083e+00	
1.387433e+05	4.784412e-01 1.888188e+00 1.414384e+00	
1.406434e+05	7.341706e-01 1.595630e+00 1.414411e+00	
1.409678e+05	5.831139e-01 1.885912e+00 1.414420e+00	
1.411162e+05	5.273336e-01 1.941333e+00 1.414402e+00	
1.436295e+05	7.448187e-01 1.578195e+00 1.414257e+00	
1.464958e+05	5.167349e-01 1.877316e+00 1.414039e+00	
1.590848e+05	4.416746e-01 1.552195e+00 1.414381e+00	
1.599255e+05	5.260713e-01 1.934115e+00 1.414014e+00	
1.611776e+05	9.218803e-01 1.727813e+00 1.413892e+00	
1.613981e+05	8.545754e-01 1.257912e+00 1.414253e+00	
1.614733e+05	5.858445e-01 1.260895e+00 1.414484e+00	
1.619849e+05	5.484281e-01 1.941867e+00 1.414145e+00	
1.629132e+05	5.837372e-01 1.961783e+00 1.414467e+00	
1.642590e+05	5.466948e-01 1.950634e+00 1.413783e+00	
1.646258e+05	6.498349e-01 2.054715e+00 1.414383e+00	
1.650509e+05	4.564318e-01 1.807731e+00 1.413942e+00	
1.675148e+05	1.050965e+00 1.468912e+00 1.413880e+00	
1.761703e+05	5.623816e-01 1.969246e+00 1.414337e+00	
1.798986e+05	9.627554e-01 1.967360e+00 1.414030e+00	
1.806466e+05	4.044643e-01 1.815761e+00 1.414369e+00	
1.816395e+05	6.219091e-01 1.946935e+00 1.413832e+00	
1.821429e+05	5.153007e-01 1.918644e+00 1.414593e+00	
1.855912e+05	9.245022e-01 1.850674e+00 1.414354e+00	
1.866219e+05	9.958173e-01 1.948239e+00 1.414221e+00	
1.872526e+05	4.629242e-01 1.680398e+00 1.414305e+00	
1.885529e+05	1.337441e+00 1.762459e+00 1.414539e+00	
2.024102e+05	5.820230e-01 1.789262e+00 1.414207e+00	
2.032707e+05	4.948735e-01 1.042370e+00 1.414380e+00	
2.032804e+05	5.340254e-01 1.446838e+00 1.414036e+00	
2.036673e+05	6.090942e-01 1.881729e+00 1.414207e+00	
2.042698e+05	4.482391e-01 1.781735e+00 1.414254e+00	
2.046107e+05	6.085305e-01 1.952187e+00 1.414227e+00	
2.061080e+05	7.517337e-01 1.675280e+00 1.414248e+00	
2.073388e+05	4.817271e-01 1.843272e+00 1.414468e+00	
2.077614e+05	7.221077e-01 1.720944e+00 1.414235e+00	
2.102643e+05	5.567352e-01 1.928541e+00 1.413936e+00	
2.110548e+05	4.884705e-01 1.689290e+00 1.414287e+00	
2.117461e+05	1.052630e+00 1.742324e+00 1.414180e+00	
2.235800e+05	6.850270e-01 1.746211e+00 1.414341e+00	
2.272952e+05	7.823369e-01 1.988437e+00 1.414357e+00	
2.292642e+05	5.043336e-01 1.916002e+00 1.414031e+00	
2.377427e+05	8.392560e-01 1.727928e+00 1.414398e+00	
2.377562e+05	7.196154e-01 1.811230e+00 1.413946e+00	
2.378782e+05	6.764107e-01 1.607958e+00 1.414097e+00	
2.470943e+05	4.496398e-01 1.801602e+00 1.414288e+00	
2.482315e+05	7.172192e-01 1.520468e+00 1.414035e+00	
2.484036e+05	5.116766e-01 1.689854e+00 1.414623e+00	
2.488296e+05	4.814527e-01 1.209191e+00 1.414063e+00	
2.490383e+05	6.751506e-01 1.718449e+00 1.414535e+00	
2.491560e+05	5.616706e-01 1.938461e+00 1.414553e+00	
2.516000e+05	7.769885e-01 1.684507e+00 1.414581e+00	
2.531650e+05	4.947376e-01 1.551945e+00 1.414365e+00	
2.555996e+05	5.691858e-01 1.971752e+00 1.413985e+00	
2.576919e+05	1.198282e+00 1.905215e+00 1.414111e+00	
2.594780e+05	6.005744e-01 1.458740e+00 1.414273e+00	
2.693558e+05	6.555234e-01 1.826241e+00 1.414275e+00	
2.701683e+05	4.733408e-01 1.862205e+00 1.414393e+00	
2.703616e+05	5.232335e-01 1.711012e+00 1.413822e+00	
2.706168e+05	9.903449e-01 1.799279e+00 1.413907e+00	
2.707317e+05	7.182562e-01 1.916992e+00 1.413975e+00	
2.711148e+05	5.210544e-01 1.935150e+00 1.414187e+00	
2.715499e+05	6.491593e-01 1.972502e+00 1.414038e+00	
2.720829e+05	5.443185e-01 1.928563e+00 1.414031e+00	
2.725999e+05	5.220821e-01 1.876388e+00 1.414415e+00	
2.726838e+05	5.108833e-01 1.686330e+00 1.414146e+00	
2.730320e+05	8.577286e-01 1.769974e+00 1.414526e+00	
2.740227e+05	6.411236e-01 1.940146e+00 1.413917e+00	
2.782858e+05	6.401653e-01 1.958613e+00 1.414364e+00	
2.927775e+05	1.093052e+00 1.540089e+00 1.414216e+00	
2.938276e+05	5.216444e-01 1.914180e+00 1.414297e+00	
2.947074e+05	5.482444e-01 1.583794e+00 1.414095e+00	
2.959278e+05	6.750181e-01 1.701469e+00 1.414074e+00	
3.154650e+05	7.059289e-01 1.651685e+00 1.414315e+00	
3.161108e+05	7.210382e-01 1.879010e+00 1.414256e+00	
3.164536e+05	5.630640e-01 1.906468e+00 1.414456e+00	
3.169456e+05	4.312580e-01 1.795469e+00 1.414489e+00	
3.170473e+05	8.565482e-01 1.840137e+00 1.414267e+00	
3.172781e+05	7.451251e-01 1.870184e+00 1.414421e+00	
3.186858e+05	4.659501e-01 1.869326e+00 1.414301e+00	
3.209654e+05	7.523408e-01 1.409980e+00 1.414008e+00	
3.236846e+05	6.004946e-01 1.930894e+00 1.414146e+00	
3.302555e+05	5.485950e-01 1.698356e+00 1.414175e+00	
3.308539e+05	8.807340e-01 1.878034e+00 1.414033e+00	
3.310787e+05	6.012267e-01 1.631639e+00 1.414316e+00	
3.371140e+05	9.259964e-01 2.009117e+00 1.414219e+00	
3.373520e+05	5.449643e-01 1.419725e+00 1.414280e+00	
3.379068e+05	5.803987e-01 1.292645e+00 1.414174e+00	
3.392930e+05	7.273741e-01 1.772011e+00 1.413982e+00	
3.395308e+05	5.178268e-01 1.823736e+00 1.414436e+00	
3.399543e+05	7.144492e-01 1.699410e+00 1.413994e+00	
3.418136e+05	7.695574e-01 1.619587e+00 1.414128e+00	
3.428615e+05	5.835009e-01 1.049201e+00 1.413925e+00	
3.466948e+05	4.109564e-01 1.766171e+00 1.414146e+00	
3.470240e+05	7.805369e-01 1.653888e+00 1.414024e+00	
3.545594e+05	5.765577e-01 1.989574e+00 1.414371e+00	
3.569740e+05	5.153826e-01 1.900802e+00 1.414198e+00	
3.587393e+05	9.385176e-01 1.707273e+00 1.413975e+00	
3.598699e+05	4.492460e-01 1.758119e+00 1.413829e+00	
3.603262e+05	4.483989e-01 1.605914e+00 1.414193e+00	
3.604987e+05	4.866398e-01 1.529650e+00 1.414398e+00	
3.633299e+05	1.015893e+00 1.812223e+00 1.413898e+00	
3.668525e+05	8.955003e-01 1.453639e+00 1.414323e+00	
3.683845e+05	8.555448e-01 1.820631e+00 1.414716e+00	
3.706147e+05	5.689395e-01 1.931847e+00 1.414466e+00	
3.809844e+05	6.876442e-01 1.944183e+00 1.413884e+00	
3.819943e+05	5.115672e-01 1.882540e+00 1.414275e+00	
3.822556e+05	1.064772e+00 1.740041e+00 1.414488e+00	
3.846793e+05	5.359953e-01 1.554134e+00 1.414057e+00	
3.853408e+05	6.538820e-01 1.724402e+00 1.414089e+00	
3.869250e+05	5.131564e-01 1.880591e+00 1.414004e+00	
3.870107e+05	6.257738e-01 1.596533e+00 1.413960e+00	
3.888020e+05	6.344831e-01 2.048431e+00 1.414208e+00	
3.896868e+05	1.165090e+00 1.936088e+00 1.414289e+00	
3.958501e+05	4.734365e-01 1.619149e+00 1.414196e+00	
4.050795e+05	5.315306e-01 1.342575e+00 1.414349e+00	
4.055774e+05	6.895745e-01 1.775104e+00 1.414216e+00	
4.062565e+05	1.001171e+00 1.772110e+00 1.414321e+00	
4.071664e+05	4.912386e-01 1.829832e+00 1.414111e+00	
4.097371e+05	7.886676e-01 1.370241e+00 1.414357e+00	
4.129027e+05	8.835264e-01 1.894604e+00 1.414170e+00	
4.151116e+05	1.420125e+00 1.682244e+00 1.414323e+00	
4.161535e+05	4.838440e-01 1.801137e+00 1.413984e+00	
4.167335e+05	7.046400e-01 1.826801e+00 1.414212e+00	
4.220118e+05	5.370504e-01 1.917600e+00 1.414484e+00	
4.251687e+05	9.706730e-01 1.655671e+00 1.414539e+00	
4.275344e+05	9.206206e-01 1.761285e+00 1.414220e+00	
4.277935e+05	6.548334e-01 1.782881e+00 1.414026e+00	
4.291310e+05	5.154004e-01 1.861501e+00 1.413853e+00	
4.340001e+05	5.412229e-01 1.819176e+00 1.414059e+00	
4.346656e+05	6.132612e-01 1.779576e+00 1.414604e+00	
4.358040e+05	1.080609e+00 1.865183e+00 1.414363e+00	
4.439983e+05	5.213105e-01 1.594421e+00 1.414202e+00	
4.485634e+05	5.801023e-01 1.901764e+00 1.414577e+00	
4.494072e+05	4.567750e-01 1.856299e+00 1.414632e+00	
4.500051e+05	5.112927e-01 9.124833e-01 1.413742e+00	
4.506422e+05	5.397651e-01 1.950823e+00 1.414011e+00	
4.521339e+05	1.070427e+00 1.761424e+00 1.414353e+00	
4.532234e+05	4.380339e-01 1.832390e+00 1.414296e+00	
4.534869e+05	4.728601e-01 1.576677e+00 1.414293e+00	
4.556464e+05	6.196819e-01 2.034202e+00 1.414583e+00	
4.567206e+05	4.295998e-01 1.842111e+00 1.414503e+00	
4.569211e+05	8.653513e-01 1.663946e+00 1.414194e+00	
4.710497e+05	6.328612e-01 1.814951e+00 1.414352e+00	
4.714106e+05	5.821020e-01 1.575330e+00 1.413937e+00	
4.722613e+05	5.963288e-01 1.508026e+00 1.414064e+00	
4.724734e+05	4.726307e-01 1.852579e+00 1.413945e+00	
4.743455e+05	1.031701e+00 1.709206e+00 1.414303e+00	
4.750137e+05	6.583900e-01 1.798479e+00 1.414107e+00	
4.783090e+05	1.165919e+00 1.774668e+00 1.413940e+00	
4.785223e+05	6.238816e-01 1.605689e+00 1.414137e+00	
4.806113e+05	5.400441e-01 1.931015e+00 1.414157e+00	
4.807015e+05	6.989197e-01 1.879936e+00 1.414204e+00	
4.931130e+05	5.303612e-01 1.734115e+00 1.413942e+00	
4.943344e+05	5.203820e-01 1.874166e+00 1.414221e+00	
4.944985e+05	1.148140e+00 1.812328e+00 1.414238e+00	
4.962952e+05	6.162083e-01 1.644392e+00 1.414298e+00	
4.975714e+05	8.833843e-01 1.805878e+00 1.414313e+00	
4.978913e+05	6.822475e-01 1.691618e+00 1.414323e+00	
4.980818e+05	7.999439e-01 1.766849e+00 1.414142e+00	
4.985320e+05	9.893970e-01 1.481604e+00 1.414260e+00	
5.019369e+05	7.737677e-01 1.381152e+00 1.413960e+00	
5.028656e+05	4.417076e-01 1.439334e+00 1.414240e+00	
5.116045e+05	5.444447e-01 1.657916e+00 1.414025e+00	
5.154139e+05	5.762338e-01 1.862506e+00 1.414116e+00	
5.156550e+05	6.523001e-01 1.955322e+00 1.414028e+00	
5.164617e+05	5.797592e-01 1.954411e+00 1.413908e+00	
5.180482e+05	4.682710e-01 1.831761e+00 1.413854e+00	
5.183448e+05	7.081174e-01 1.839115e+00 1.414395e+00	
5.206955e+05	7.290562e-01 1.806338e+00 1.414185e+00	
5.215853e+05	5.073963e-01 1.875625e+00 1.414325e+00	
5.221005e+05	7.636135e-01 1.902477e+00 1.414317e+00	
5.221529e+05	4.842700e-01 1.703592e+00 1.414189e+00	
5.368771e+05	8.319579e-01 1.773860e+00 1.414521e+00	
5.374942e+05	5.283558e-01 1.923660e+00 1.414153e+00	
5.384416e+05	4.255268e-01 1.616571e+00 1.414199e+00	
5.386759e+05	5.367538e-01 1.885854e+00 1.414224e+00	
5.387611e+05	5.320948e-01 1.596495e+00 1.414293e+00	
5.389383e+05	5.684248e-01 1.288534e+00 1.413985e+00	
5.393864e+05	4.683890e-01 1.752592e+00 1.414237e+00	
5.403377e+05	5.114126e-01 1.925527e+00 1.414199e+00	
5.424616e+05	6.812458e-01 1.755123e+00 1.414539e+00	
5.434817e+05	4.720527e-01 1.731301e+00 1.414204e+00	
5.508940e+05	8.703048e-01 2.013005e+00 1.413955e+00	
5.522460e+05	8.178082e-01 1.859986e+00 1.413928e+00	
5.533547e+05	6.863072e-01 1.948640e+00 1.413829e+00	
5.545511e+05	1.795754e+00 1.846662e+00 1.413971e+00	
5.585572e+05	5.919031e-01 1.544389e+00 1.413959e+00	
5.622180e+05	6.796517e-01 1.526813e+00 1.414308e+00	
5.626552e+05	4.121637e-01 1.814527e+00 1.414087e+00	
5.640692e+05	5.255459e-01 1.934834e+00 1.414436e+00	
5.641105e+05	6.162504e-01 1.919814e+00 1.414295e+00	
5.695423e+05	1.043865e+00 1.868069e+00 1.413892e+00	
5.712755e+05	9.318135e-01 1.887243e+00 1.414132e+00	
5.747543e+05	7.552289e-01 1.614477e+00 1.414444e+00	
5.821670e+05	5.390308e-01 1.583020e+00 1.414416e+00	
5.826492e+05	6.474170e-01 1.848532e+00 1.414236e+00	
5.834548e+05	4.399720e-01 1.838409e+00 1.413985e+00	
5.839250e+05	1.091130e+00 1.890683e+00 1.414052e+00	
5.839767e+05	5.140496e-01 1.816213e+00 1.414290e+00	
5.841925e+05	6.977786e-01 1.950830e+00 1.414119e+00	
5.845771e+05	5.093004e-01 1.919001e+00 1.414336e+00	
5.845843e+05	5.577011e-01 1.943982e+00 1.414173e+00	
5.848275e+05	4.806622e-01 1.782758e+00 1.414276e+00	
5.868990e+05	6.707255e-01 1.867321e+00 1.414301e+00	
5.926657e+05	4.589939e-01 1.722329e+00 1.414405e+00	
5.926788e+05	4.618641e-01 1.827760e+00 1.414095e+00	
5.979273e+05	1.365486e+00 1.801526e+00 1.414225e+00	
5.990298e+05	1.192960e+00 1.712923e+00 1.414106e+00	
6.000908e+05	6.675317e-01 9.103050e-01 1.414184e+00	
6.047307e+05	1.087532e+00 1.739511e+00 1.414201e+00	
6.057269e+05	4.733785e-01 1.886679e+00 1.414402e+00	
6.063522e+05	5.380508e-01 1.747373e+00 1.414524e+00	
6.066509e+05	4.411817e-01 1.834775e+00 1.414001e+00	
6.070149e+05	5.140988e-01 1.828386e+00 1.414060e+00	
6.076701e+05	6.702286e-01 2.054468e+00 1.414526e+00	
6.080365e+05	9.843513e-01 1.887274e+00 1.414455e+00	
6.099611e+05	5.789694e-01 1.620269e+00 1.414508e+00	
6.116796e+05	5.571135e-01 1.579661e+00 1.413897e+00	
6.137827e+05	1.056461e+00 1.517988e+00 1.413980e+00	
6.188475e+05	1.110127e+00 1.981184e+00 1.414017e+00	
6.256149e+05	6.311947e-01 1.717993e+00 1.414467e+00	
6.273492e+05	7.254738e-01 1.804533e+00 1.414301e+00	
6.282818e+05	5.462202e-01 1.958743e+00 1.413956e+00	
6.285220e+05	6.180796e-01 1.271101e+00 1.414738e+00	
6.286520e+05	1.013373e+00 1.776715e+00 1.414174e+00	
6.288032e+05	4.833072e-01 1.860464e+00 1.414490e+00	
6.292653e+05	8.330794e-01 1.823350e+00 1.414172e+00	
6.305013e+05	4.300958e-01 1.641589e+00 1.414422e+00	
6.318307e+05	6.588274e-01 1.849655e+00 1.413971e+00	
6.342767e+05	1.000959e+00 1.479647e+00 1.414512e+00	
6.351265e+05	7.896889e-01 1.767773e+00 1.414408e+00	
6.354778e+05	6.073911e-01 2.019731e+00 1.414209e+00	
6.362572e+05	8.146748e-01 1.735680e+00 1.414419e+00	
6.496239e+05	6.994161e-01 1.758513e+00 1.414001e+00	
6.517830e+05	5.784966e-01 1.503068e+00 1.414188e+00	
6.529168e+05	4.528396e-01 1.685710e+00 1.414323e+00	
6.536129e+05	4.733206e-01 1.866832e+00 1.414314e+00	
6.581803e+05	8.291474e-01 1.626887e+00 1.414118e+00	
6.588298e+05	8.961397e-01 1.674243e+00 1.413974e+00	
6.601771e+05	5.874941e-01 1.971895e+00 1.414132e+00	
6.641901e+05	8.808998e-01 1.787641e+00 1.414385e+00	
6.647063e+05	1.067519e+00 1.610174e+00 1.414457e+00	
6.704659e+05	7.185221e-01 1.848812e+00 1.414361e+00	
6.726281e+05	5.604087e-01 1.855341e+00 1.414187e+00	
6.733274e+05	5.492703e-01 1.887041e+00 1.414183e+00	
6.735919e+05	1.024410e+00 1.590608e+00 1.414146e+00	
6.764083e+05	5.393527e-01 1.744334e+00 1.414201e+00	
6.767184e+05	7.557151e-01 1.646740e+00 1.414127e+00	
6.767428e+05	6.729172e-01 1.844498e+00 1.413970e+00	
6.774125e+05	6.438532e-01 1.992747e+00 1.414227e+00	
6.950983e+05	1.028458e+00 1.816844e+00 1.414342e+00	
6.953718e+05	5.767143e-01 1.857330e+00 1.414556e+00	
6.957905e+05	1.249926e+00 1.460693e+00 1.414285e+00	
6.963258e+05	4.373539e-01 1.567242e+00 1.414339e+00	
6.966239e+05	4.929474e-01 1.886079e+00 1.414517e+00	
6.989190e+05	5.482361e-01 1.938262e+00 1.414425e+00	
6.998422e+05	5.750204e-01 1.868294e+00 1.414050e+00	
7.001323e+05	4.548935e-01 1.857309e+00 1.414123e+00	
7.041421e+05	6.609251e-01 1.698137e+00 1.414602e+00	
7.097667e+05	7.825626e-01 2.070568e+00 1.414084e+00	
7.174915e+05	7.282697e-01 1.857572e+00 1.414065e+00	
7.176890e+05	4.529545e-01 1.810290e+00 1.414021e+00	
7.186063e+05	7.679129e-01 1.637452e+00 1.414304e+00	
7.192831e+05	4.029262e-01 1.175732e+00 1.414217e+00	
7.193377e+05	4.492624e-01 1.833304e+00 1.414351e+00	
7.199706e+05	5.935627e-01 1.950394e+00 1.414318e+00	
7.256104e+05	7.387211e-01 1.806751e+00 1.414213e+00	
7.262185e+05	1.386655e+00 1.791180e+00 1.414059e+00	
7.265196e+05	6.153261e-01 1.660939e+00 1.414251e+00	
7.361324e+05	6.018032e-01 1.953302e+00 1.414157e+00	
7.380488e+05	8.880598e-01 1.775484e+00 1.413930e+00	
7.385468e+05	6.478792e-01 1.862216e+00 1.414371e+00	
7.400368e+05	6.876095e-01 1.358029e+00 1.414262e+00	
7.408620e+05	7.371439e-01 1.709470e+00 1.414529e+00	
7.412405e+05	7.987089e-01 1.538404e+00 1.414070e+00	
7.414383e+05	5.642979e-01 1.973033e+00 1.414124e+00	
7.422553e+05	1.309052e+00 1.945823e+00 1.413941e+00	
7.428334e+05	7.460211e-01 1.868812e+00 1.414107e+00	
7.448380e+05	6.357378e-01 1.758767e+00 1.414101e+00	
7.514076e+05	5.577551e-01 1.811596e+00 1.414414e+00	
7.524950e+05	4.798149e-01 1.812780e+00 1.414362e+00	
